# Units: length:mm angle:deg time:s strain:% 
# Stage: image-000080
stage;index;relative_time;date
"image-000080";81;80.0000;"2022-09-26T12:06:19.614"
# Name : surface_yx_30/15
id;x;y;z;epsilon_x;epsilon_y;pattern_quality
0;-4.4077;8.2535;0.0000;0.2383;-3.7112;4.1925
1;-4.1645;8.2588;0.0000;0.2245;-3.6079;4.3806
2;-3.9210;8.2638;0.0000;0.2286;-3.5915;4.4318
3;-3.6779;8.2685;0.0000;0.1870;-3.6785;4.3775
4;-3.4348;8.2738;0.0000;0.2518;-3.6266;4.5433
5;-3.1912;8.2792;0.0000;0.3283;-3.6256;4.7240
6;-2.9478;8.2841;0.0000;0.2496;-3.6796;4.3342
7;-2.7045;8.2890;0.0000;0.1820;-3.5497;4.4020
8;-2.4613;8.2940;0.0000;0.1273;-3.5413;5.0245
9;-2.2184;8.2990;0.0000;-0.0948;-3.3993;5.3867
10;-2.1406;8.1251;0.0000;-0.3663;-3.4254;5.0245
11;-2.1372;7.8907;0.0000;-0.2886;-3.3901;4.7397
12;-2.1334;7.6560;0.0000;0.2851;-3.4037;5.0389
13;-2.1306;7.4218;0.0000;0.2292;-3.5317;4.9987
14;-2.1277;7.1877;0.0000;0.2608;-3.6038;4.8718
15;-2.1248;6.9539;0.0000;0.1839;-3.5061;4.7935
16;-2.1225;6.7193;0.0000;0.0337;-3.2619;4.7113
17;-2.1195;6.4839;0.0000;0.1460;-3.4064;4.7275
18;-2.1166;6.2501;0.0000;0.1982;-3.5849;4.6439
19;-2.1138;6.0160;0.0000;0.2328;-3.4118;4.6535
20;-2.1107;5.7814;0.0000;0.3476;-3.3565;4.3158
21;-2.1079;5.5468;0.0000;0.1815;-3.3373;4.2467
22;-2.1048;5.3122;0.0000;0.1771;-3.4934;4.4339
23;-2.1025;5.0784;0.0000;0.0668;-3.5919;4.2402
24;-2.1001;4.8447;0.0000;-0.0809;-3.3298;4.3653
25;-2.0969;4.6093;0.0000;0.0747;-3.0299;4.5717
26;-2.0933;4.3737;0.0000;0.4794;-3.2303;4.6159
27;-2.0907;4.1391;0.0000;0.4311;-3.1655;4.1710
28;-2.0878;3.9036;0.0000;0.3924;-3.0767;4.2275
29;-2.0850;3.6685;0.0000;0.4867;-3.2498;4.2008
30;-2.0826;3.4339;0.0000;0.3370;-3.3434;3.8591
31;-2.0793;3.1991;0.0000;0.3478;-3.2608;4.2310
32;-2.0760;2.9643;0.0000;0.3900;-3.3139;4.6304
33;-2.0724;2.7298;0.0000;0.4931;-3.3732;4.3998
34;-2.0694;2.4954;0.0000;0.4995;-3.5629;4.3377
35;-2.0666;2.2614;0.0000;0.4812;-3.5404;4.8893
36;-2.0637;2.0270;0.0000;0.4349;-3.4089;5.1150
37;-2.0608;1.7924;0.0000;0.3598;-3.3465;5.0871
38;-2.0582;1.5579;0.0000;0.3134;-3.4125;5.0647
39;-2.0555;1.3234;0.0000;0.3945;-3.4730;4.8911
40;-2.0526;1.0893;0.0000;0.3738;-3.6985;4.7682
41;-2.0500;0.8558;0.0000;0.2630;-3.7336;4.8771
42;-2.0473;0.6220;0.0000;0.2239;-3.5431;5.0039
43;-2.0443;0.3878;0.0000;0.2799;-3.5272;5.3360
44;-2.0413;0.1537;0.0000;0.4891;-3.6899;5.5617
45;-2.0383;-0.0800;0.0000;0.4937;-3.6648;5.2410
46;-2.0354;-0.3139;0.0000;0.3845;-3.6918;5.1199
47;-2.0323;-0.5476;0.0000;0.4648;-3.7079;5.3495
48;-2.0296;-0.7814;0.0000;0.4288;-3.6297;5.2817
49;-2.0267;-1.0154;0.0000;0.3882;-3.6045;5.1072
50;-2.0234;-1.2494;0.0000;0.4016;-3.5980;5.0661
51;-2.0201;-1.4834;0.0000;0.3486;-3.4675;5.0031
52;-2.0168;-1.7179;0.0000;0.3831;-3.3526;5.3325
53;-2.0135;-1.9526;0.0000;0.4745;-3.3128;5.1995
54;-2.0107;-2.1873;0.0000;0.3409;-3.2253;5.3193
55;-2.0074;-2.4223;0.0000;0.3219;-3.2851;5.3036
56;-2.0038;-2.6568;0.0000;0.4221;-3.4605;5.1203
57;-2.0007;-2.8912;0.0000;0.3237;-3.4008;4.4878
58;-1.9971;-3.1258;0.0000;0.3917;-3.3844;4.4895
59;-1.9934;-3.3603;0.0000;0.4482;-3.5050;4.9436
60;-1.9899;-3.5942;0.0000;0.3545;-3.5841;4.4917
61;-1.9863;-3.8281;0.0000;0.3580;-3.6964;4.5214
62;-1.9827;-4.0619;0.0000;0.3766;-3.6547;5.0276
63;-1.9792;-4.2957;0.0000;0.4037;-3.5554;4.9383
64;-1.9755;-4.5300;0.0000;0.5276;-3.4953;4.2962
65;-1.9720;-4.7642;0.0000;0.5341;-3.6256;3.7135
66;-1.9685;-4.9982;0.0000;0.5455;-3.5209;4.3508
67;-1.9651;-5.2326;0.0000;0.5648;-3.3342;4.2148
68;-1.9620;-5.4675;0.0000;0.5440;-3.2879;4.5490
69;-1.9590;-5.7021;0.0000;0.5228;-3.2744;4.5809
70;-1.9563;-5.9371;0.0000;0.3443;-3.1536;4.6864
71;-1.9530;-6.1723;0.0000;0.3457;-3.1659;4.6815
72;-1.9496;-6.4072;0.0000;0.3817;-3.3619;3.8176
73;-1.9461;-6.6414;0.0000;0.3771;-3.4053;3.6177
74;-1.9423;-6.8761;0.0000;0.3768;-3.2213;3.8609
75;-1.9391;-7.1111;0.0000;0.2666;-3.1863;4.0577
76;-1.9354;-7.3462;0.0000;0.2115;-3.2205;4.0521
77;-1.9317;-7.5810;0.0000;0.1187;-3.3229;4.2738
78;-1.9282;-7.8154;0.0000;0.2279;-3.3560;4.2612
79;-1.9251;-8.0502;0.0000;0.1300;-3.2279;4.4654
80;-1.9224;-8.2851;0.0000;0.2556;-3.3109;4.4952
81;-1.9197;-8.5196;0.0000;0.3228;-3.3842;4.3053
82;-1.9171;-8.7542;0.0000;0.2932;-3.3168;4.1938
83;-1.9144;-8.9889;0.0000;0.1732;-3.3305;4.4689
84;-1.9114;-9.2236;0.0000;0.2104;-3.3543;4.5433
85;-1.9081;-9.4583;0.0000;0.4088;-3.4180;4.5144
86;-1.9049;-9.6926;0.0000;0.5062;-3.5389;4.3495
87;-1.9016;-9.9266;0.0000;0.4235;-3.4831;4.8749
88;-1.8984;-10.1610;0.0000;0.2915;-3.1891;4.6509
89;-1.8954;-10.3964;0.0000;0.2123;-3.0025;4.6374
90;-1.8921;-10.6318;0.0000;0.2980;-3.1018;4.0818
91;-1.8887;-10.8671;0.0000;0.3889;-3.1161;3.9729
92;-1.8854;-11.1021;0.0000;0.3522;-3.1524;4.3666
93;-1.8823;-11.3370;0.0000;0.2658;-3.2107;4.4230
94;-1.8789;-11.5721;0.0000;0.2661;-3.1676;4.7227
95;-1.8755;-11.8071;0.0000;0.2575;-3.2216;4.8819
96;-1.8722;-12.0418;0.0000;0.2334;-3.2378;4.5101
97;-1.8688;-12.2771;0.0000;0.2371;-3.1788;4.1247
98;-1.8653;-12.5119;0.0000;0.3172;-3.2393;4.5534
99;-1.8617;-12.7468;0.0000;0.2801;-3.2155;5.1435
100;-1.8987;-12.9614;0.0000;0.2566;-3.2126;4.9475
101;-2.1284;-13.0015;0.0000;0.2473;-3.2776;4.8456
102;-2.3718;-12.9982;0.0000;0.2622;-3.0574;4.7668
103;-2.6152;-12.9945;0.0000;0.2669;-3.0022;4.4427
104;-2.8585;-12.9910;0.0000;0.1540;-3.0604;4.3045
105;-3.1014;-12.9877;0.0000;0.1188;-2.9954;4.4948
106;-3.3446;-12.9842;0.0000;0.2436;-2.9920;4.4593
107;-3.5879;-12.9805;0.0000;0.1041;-2.9243;4.1916
108;-3.8307;-12.9771;0.0000;0.0810;-2.7993;3.9860
109;-4.0738;-12.9737;0.0000;0.2396;-2.8667;4.0997
110;-4.3119;-12.9413;0.0000;0.2377;-2.9421;4.5612
111;-4.3616;-12.7382;0.0000;0.1450;-3.0790;4.6098
112;-4.3641;-12.5031;0.0000;0.2808;-3.2464;4.2222
113;-4.3664;-12.2684;0.0000;0.1994;-3.3430;4.5879
114;-4.3693;-12.0338;0.0000;0.3793;-3.3457;4.4633
115;-4.3716;-11.7992;0.0000;0.3074;-3.3482;4.1907
116;-4.3742;-11.5645;0.0000;0.3771;-3.3543;4.1006
117;-4.3767;-11.3300;0.0000;0.4358;-3.3755;4.3395
118;-4.3789;-11.0955;0.0000;0.4893;-3.3688;4.7612
119;-4.3814;-10.8609;0.0000;0.4932;-3.3370;4.8793
120;-4.3837;-10.6261;0.0000;0.5617;-3.3295;4.9991
121;-4.3859;-10.3913;0.0000;0.5806;-3.3347;5.0464
122;-4.3881;-10.1569;0.0000;0.7153;-3.3889;5.3167
123;-4.3904;-9.9223;0.0000;0.8883;-3.3057;5.1798
124;-4.3924;-9.6875;0.0000;0.8621;-3.3193;4.9173
125;-4.3946;-9.4528;0.0000;0.9934;-3.4492;4.4821
126;-4.3966;-9.2187;0.0000;1.0180;-3.4964;4.6575
127;-4.3985;-8.9844;0.0000;1.0329;-3.3680;4.7703
128;-4.3999;-8.7496;0.0000;0.8674;-3.3156;4.7913
129;-4.4013;-8.5148;0.0000;0.6612;-3.3550;4.5626
130;-4.4030;-8.2806;0.0000;0.6715;-3.4956;4.4856
131;-4.4046;-8.0463;0.0000;0.5183;-3.3388;4.6470
132;-4.4066;-7.8114;0.0000;0.6476;-3.1455;4.3364
133;-4.4089;-7.5761;0.0000;0.5293;-3.2041;3.7480
134;-4.4113;-7.3415;0.0000;0.4808;-3.3162;3.1518
135;-4.4143;-7.1068;0.0000;0.6149;-3.1203;2.8071
136;-4.4167;-6.8711;0.0000;0.5438;-3.0489;2.9112
137;-4.4190;-6.6361;0.0000;0.6017;-3.2670;2.7205
138;-4.4213;-6.4015;0.0000;0.5375;-3.3194;3.2253
139;-4.4239;-6.1665;0.0000;0.6170;-3.2450;3.9243
140;-4.4269;-5.9317;0.0000;0.6469;-3.2643;3.9733
141;-4.4296;-5.6970;0.0000;0.8587;-3.4522;3.7883
142;-4.4314;-5.4631;0.0000;0.7269;-3.6372;4.1409
143;-4.4332;-5.2292;0.0000;0.4613;-3.6568;4.4808
144;-4.4356;-4.9953;0.0000;0.4489;-3.5532;4.8211
145;-4.4378;-4.7610;0.0000;0.5325;-3.4634;4.9864
146;-4.4396;-4.5265;0.0000;0.4506;-3.5077;5.1168
147;-4.4413;-4.2924;0.0000;0.4124;-3.5826;4.7087
148;-4.4436;-4.0585;0.0000;0.4612;-3.6942;4.4147
149;-4.4458;-3.8248;0.0000;0.4905;-3.7736;4.5402
150;-4.4477;-3.5913;0.0000;0.4207;-3.6181;5.3136
151;-4.4493;-3.3572;0.0000;0.3393;-3.4611;5.4291
152;-4.4513;-3.1226;0.0000;0.2771;-3.3827;5.2857
153;-4.4536;-2.8881;0.0000;0.3628;-3.3892;5.3307
154;-4.4560;-2.6536;0.0000;0.4237;-3.3594;5.1881
155;-4.4581;-2.4189;0.0000;0.3055;-3.2172;5.1719
156;-4.4601;-2.1839;0.0000;0.2643;-3.2283;5.3220
157;-4.4617;-1.9491;0.0000;0.2618;-3.4181;5.2353
158;-4.4635;-1.7148;0.0000;0.3765;-3.4935;5.2476
159;-4.4654;-1.4805;0.0000;0.4248;-3.5381;5.5359
160;-4.4671;-1.2464;0.0000;0.3502;-3.5919;5.1802
161;-4.4692;-1.0125;0.0000;0.4343;-3.5986;4.9904
162;-4.4713;-0.7784;0.0000;0.5138;-3.6051;4.6715
163;-4.4729;-0.5446;0.0000;0.4647;-3.7781;4.9020
164;-4.4745;-0.3113;0.0000;0.4525;-3.7653;5.6903
165;-4.4762;-0.0774;0.0000;0.3445;-3.6348;5.6089
166;-4.4784;0.1569;0.0000;0.5457;-3.4289;5.6168
167;-4.4806;0.3914;0.0000;0.6433;-3.3971;5.4125
168;-4.4825;0.6257;0.0000;0.4598;-3.5385;5.3950
169;-4.4843;0.8598;0.0000;0.3997;-3.5748;5.2336
170;-4.4859;1.0940;0.0000;0.4314;-3.5415;5.0175
171;-4.4875;1.3282;0.0000;0.3593;-3.5490;5.0643
172;-4.4889;1.5623;0.0000;0.2846;-3.5583;5.0993
173;-4.4902;1.7964;0.0000;0.3638;-3.3819;4.7546
174;-4.4918;2.0312;0.0000;0.4048;-3.3939;4.1732
175;-4.4934;2.2653;0.0000;0.3452;-3.5907;3.8255
176;-4.4952;2.4992;0.0000;0.4014;-3.5720;3.4431
177;-4.4973;2.7334;0.0000;0.6015;-3.5433;3.6444
178;-4.4988;2.9677;0.0000;0.3996;-3.5494;3.3031
179;-4.5007;3.2016;0.0000;0.4007;-3.5114;3.2423
180;-4.5029;3.4360;0.0000;0.5849;-3.3979;3.2100
181;-4.5045;3.6707;0.0000;0.6398;-3.3676;3.4930
182;-4.5057;3.9055;0.0000;0.5770;-3.1708;4.2192
183;-4.5071;4.1405;0.0000;0.4789;-3.2969;4.3526
184;-4.5090;4.3749;0.0000;0.4831;-3.4749;4.6312
185;-4.5109;4.6090;0.0000;0.4798;-3.4602;4.6737
186;-4.5124;4.8434;0.0000;0.4250;-3.4958;4.7441
187;-4.5137;5.0776;0.0000;0.4445;-3.5095;5.2157
188;-4.5149;5.3119;0.0000;0.3567;-3.4580;4.9729
189;-4.5168;5.5463;0.0000;0.2477;-3.4692;4.9974
190;-4.5188;5.7807;0.0000;0.2204;-3.5333;5.0862
191;-4.5201;6.0146;0.0000;0.2347;-3.6865;4.3543
192;-4.5216;6.2481;0.0000;0.3145;-3.7271;4.2489
193;-4.5228;6.4817;0.0000;0.2457;-3.7793;4.3819
194;-4.5241;6.7151;0.0000;0.1514;-3.7532;4.9523
195;-4.5257;6.9490;0.0000;0.2275;-3.6397;4.7765
196;-4.5269;7.1830;0.0000;0.2373;-3.5855;4.9738
197;-4.5279;7.4169;0.0000;0.1498;-3.5984;4.6724
198;-4.5294;7.6510;0.0000;0.1548;-3.5780;4.7520
199;-4.5310;7.8848;0.0000;0.2319;-3.7133;4.6483
200;-4.5331;8.1184;0.0000;0.3186;-3.7421;4.3373
201;4.4173;8.1649;0.0000;0.3941;-3.3921;6.8788
202;4.4292;7.9324;0.0000;0.3761;-3.4048;7.6251
203;4.4317;7.6977;0.0000;0.3326;-3.4189;7.0376
204;4.4344;7.4629;0.0000;0.4050;-3.4918;6.8666
205;4.4372;7.2285;0.0000;0.4641;-3.5397;7.3928
206;4.4398;6.9940;0.0000;0.5739;-3.5546;6.2052
207;4.4423;6.7596;0.0000;0.5427;-3.5405;5.7384
208;4.4447;6.5252;0.0000;0.5193;-3.4617;7.3998
209;4.4471;6.2903;0.0000;0.4826;-3.3812;6.7922
210;4.4496;6.0555;0.0000;0.5308;-3.4477;6.5271
211;4.4521;5.8210;0.0000;0.5772;-3.4304;7.0591
212;4.4547;5.5859;0.0000;0.6312;-3.2718;7.4790
213;4.4572;5.3507;0.0000;0.7676;-3.3680;7.1724
214;4.4596;5.1160;0.0000;0.8268;-3.4561;7.3241
215;4.4619;4.8811;0.0000;0.9125;-3.4270;6.3591
216;4.4643;4.6466;0.0000;0.9698;-3.4954;6.1098
217;4.4664;4.4120;0.0000;0.8755;-3.2521;5.2192
218;4.4683;4.1765;0.0000;0.7930;-3.2104;4.4112
219;4.4704;3.9413;0.0000;0.7495;-3.1786;3.6920
220;4.4726;3.7060;0.0000;0.7455;-3.1246;4.3150
221;4.4752;3.4704;0.0000;0.8117;-3.1447;5.4016
222;4.4777;3.2352;0.0000;0.8563;-3.2974;6.6461
223;4.4801;3.0004;0.0000;0.8343;-3.3925;7.1645
224;4.4825;2.7657;0.0000;0.8725;-3.4688;7.7113
225;4.4847;2.5312;0.0000;1.0388;-3.5507;7.7367
226;4.4870;2.2968;0.0000;0.9008;-3.5209;8.0328
227;4.4895;2.0621;0.0000;0.8446;-3.3974;7.6907
228;4.4920;1.8272;0.0000;0.8349;-3.3881;7.5477
229;4.4942;1.5924;0.0000;0.8698;-3.4525;7.5901
230;4.4962;1.3578;0.0000;0.8549;-3.5067;7.9864
231;4.4981;1.1233;0.0000;0.7461;-3.5590;7.6330
232;4.5001;0.8889;0.0000;0.7584;-3.5699;7.5923
233;4.5022;0.6545;0.0000;0.6772;-3.5212;7.4589
234;4.5043;0.4199;0.0000;0.6035;-3.4986;7.7323
235;4.5065;0.1853;0.0000;0.6245;-3.5430;7.8705
236;4.5088;-0.0490;0.0000;0.7000;-3.6764;7.9742
237;4.5109;-0.2829;0.0000;0.7200;-3.7822;7.3898
238;4.5128;-0.5167;0.0000;0.6625;-3.6496;7.3832
239;4.5148;-0.7512;0.0000;0.6750;-3.5500;7.2056
240;4.5170;-0.9856;0.0000;0.5711;-3.5773;6.9755
241;4.5194;-1.2201;0.0000;0.6976;-3.5613;7.0997
242;4.5217;-1.4545;0.0000;0.7353;-3.5980;7.0770
243;4.5239;-1.6887;0.0000;0.7131;-3.6609;7.5468
244;4.5262;-1.9230;0.0000;0.8165;-3.6352;8.0061
245;4.5289;-2.1572;0.0000;0.7630;-3.6537;7.9296
246;4.5314;-2.3913;0.0000;0.8904;-3.6251;7.5035
247;4.5336;-2.6257;0.0000;0.6490;-3.5186;7.7065
248;4.5360;-2.8603;0.0000;0.7073;-3.4523;7.5586
249;4.5387;-3.0950;0.0000;0.8110;-3.4723;8.1986
250;4.5415;-3.3296;0.0000;0.8684;-3.4547;7.4116
251;4.5441;-3.5645;0.0000;0.7735;-3.3030;5.9296
252;4.5464;-3.7998;0.0000;0.6110;-3.1907;6.1794
253;4.5488;-4.0351;0.0000;0.6112;-3.2433;6.6234
254;4.5512;-4.2701;0.0000;0.6156;-3.3063;6.3425
255;4.5536;-4.5051;0.0000;0.5992;-3.3691;6.8570
256;4.5563;-4.7399;0.0000;0.6404;-3.4729;6.4353
257;4.5586;-4.9744;0.0000;0.5487;-3.4040;5.8972
258;4.5608;-5.2095;0.0000;0.4843;-3.2122;4.9278
259;4.5634;-5.4448;0.0000;0.5979;-3.3652;4.6181
260;4.5658;-5.6794;0.0000;0.5180;-3.4375;4.8233
261;4.5684;-5.9144;0.0000;0.5202;-3.4064;5.0114
262;4.5710;-6.1491;0.0000;0.5684;-3.4117;6.1763
263;4.5733;-6.3840;0.0000;0.6267;-3.3324;6.9182
264;4.5757;-6.6189;0.0000;0.7735;-3.3811;6.9291
265;4.5780;-6.8537;0.0000;0.6825;-3.4373;7.0617
266;4.5802;-7.0885;0.0000;0.7122;-3.3492;6.8469
267;4.5825;-7.3235;0.0000;0.7364;-3.3635;6.8250
268;4.5844;-7.5583;0.0000;0.6916;-3.4699;7.6330
269;4.5864;-7.7928;0.0000;0.6815;-3.5149;7.4786
270;4.5884;-8.0273;0.0000;0.7035;-3.5578;7.3294
271;4.5902;-8.2617;0.0000;0.7167;-3.6049;7.5862
272;4.5921;-8.4959;0.0000;0.6306;-3.6064;6.7975
273;4.5940;-8.7301;0.0000;0.7416;-3.6924;6.9799
274;4.5959;-8.9640;0.0000;0.8301;-3.7890;6.4576
275;4.5976;-9.1977;0.0000;0.7868;-3.7759;6.5997
276;4.5992;-9.4318;0.0000;0.7104;-3.6084;7.1050
277;4.6010;-9.6661;0.0000;0.6091;-3.4719;7.3740
278;4.6025;-9.9007;0.0000;0.5663;-3.3926;6.5809
279;4.6042;-10.1357;0.0000;0.5061;-3.3397;6.7126
280;4.6058;-10.3707;0.0000;0.4153;-3.3814;6.7848
281;4.6078;-10.6055;0.0000;0.3719;-3.3602;7.8578
282;4.6099;-10.8405;0.0000;0.3617;-3.3365;7.4685
283;4.6119;-11.0754;0.0000;0.3847;-3.4192;7.1234
284;4.6138;-11.3100;0.0000;0.2195;-3.5380;7.3351
285;4.6160;-11.5443;0.0000;0.2129;-3.5419;7.5971
286;4.6186;-11.7789;0.0000;0.3175;-3.3506;7.1741
287;4.6210;-12.0140;0.0000;0.3134;-3.2164;7.0481
288;4.6232;-12.2495;0.0000;0.2844;-3.2064;6.8570
289;4.4564;-12.3306;0.0000;0.3185;-3.5321;6.8535
290;4.2124;-12.3294;0.0000;0.3526;-3.4451;6.8399
291;3.9681;-12.3284;0.0000;0.3223;-3.2756;6.4011
292;3.7246;-12.3276;0.0000;0.1324;-3.0912;5.9593
293;3.4819;-12.3258;0.0000;0.1340;-3.3083;5.0997
294;3.2381;-12.3247;0.0000;0.3125;-3.2388;5.0289
295;2.9937;-12.3242;0.0000;0.3034;-2.8558;4.4453
296;2.7505;-12.3233;0.0000;0.2628;-2.6007;3.8053
297;2.5063;-12.3204;0.0000;0.4915;-3.4394;3.7393
298;2.3335;-12.1762;0.0000;0.3399;-3.3393;3.4068
299;2.3314;-11.9411;0.0000;0.3695;-3.0025;3.9506
300;2.3294;-11.7049;0.0000;0.3685;-3.0320;3.7485
301;2.3276;-11.4697;0.0000;0.4802;-3.3183;3.7170
302;2.3256;-11.2346;0.0000;0.6784;-3.2888;3.5941
303;2.3238;-10.9994;0.0000;0.6819;-3.2193;3.5324
304;2.3224;-10.7642;0.0000;0.5255;-3.1576;3.5192
305;2.3209;-10.5287;0.0000;0.4743;-3.0674;3.3145
306;2.3192;-10.2929;0.0000;0.5617;-3.0808;3.5643
307;2.3179;-10.0573;0.0000;0.3690;-3.4865;3.7174
308;2.3164;-9.8236;0.0000;0.2862;-3.6429;3.8478
309;2.3145;-9.5891;0.0000;0.4029;-3.1486;4.0643
310;2.3131;-9.3529;0.0000;0.4317;-3.2350;3.7375
311;2.3115;-9.1186;0.0000;0.3985;-3.5492;3.4703
312;2.3097;-8.8842;0.0000;0.4583;-3.3634;3.5704
313;2.3085;-8.6488;0.0000;0.3556;-3.2900;3.7467
314;2.3072;-8.4138;0.0000;0.3065;-3.4652;3.9436
315;2.3053;-8.1796;0.0000;0.3793;-3.4509;3.9392
316;2.3037;-7.9444;0.0000;0.3873;-3.4432;3.3119
317;2.3019;-7.7099;0.0000;0.3889;-3.4304;3.6080
318;2.2998;-7.4750;0.0000;0.4523;-3.3228;3.9834
319;2.2979;-7.2398;0.0000;0.4916;-3.3010;4.0472
320;2.2958;-7.0049;0.0000;0.3986;-3.3909;4.1076
321;2.2935;-6.7701;0.0000;0.4760;-3.4147;4.2511
322;2.2912;-6.5354;0.0000;0.5287;-3.3730;4.1780
323;2.2891;-6.3003;0.0000;0.4148;-3.3194;3.7642
324;2.2873;-6.0654;0.0000;0.3597;-3.3711;3.9742
325;2.2852;-5.8307;0.0000;0.3958;-3.4753;4.2970
326;2.2832;-5.5961;0.0000;0.3203;-3.4611;4.2152
327;2.2809;-5.3614;0.0000;0.3577;-3.4557;3.5735
328;2.2786;-5.1267;0.0000;0.3415;-3.4412;3.9125
329;2.2765;-4.8920;0.0000;0.3262;-3.4866;4.4020
330;2.2744;-4.6575;0.0000;0.2793;-3.4936;3.7870
331;2.2722;-4.4229;0.0000;0.2291;-3.4490;3.4444
332;2.2698;-4.1879;0.0000;0.3234;-3.3497;3.7743
333;2.2677;-3.9533;0.0000;0.2819;-3.4307;3.8320
334;2.2657;-3.7185;0.0000;0.2687;-3.3412;3.8084
335;2.2634;-3.4837;0.0000;0.2043;-3.4763;4.2778
336;2.2610;-3.2491;0.0000;0.1739;-3.4543;3.8578
337;2.2586;-3.0141;0.0000;0.2839;-3.2480;3.4055
338;2.2565;-2.7789;0.0000;0.3780;-3.4168;3.2892
339;2.2542;-2.5446;0.0000;0.3829;-3.5936;3.3885
340;2.2521;-2.3102;0.0000;0.3973;-3.5609;4.2034
341;2.2501;-2.0757;0.0000;0.4064;-3.5645;3.8876
342;2.2479;-1.8413;0.0000;0.4658;-3.5195;3.9300
343;2.2459;-1.6067;0.0000;0.4426;-3.5085;4.1487
344;2.2442;-1.3721;0.0000;0.3282;-3.5043;4.2104
345;2.2422;-1.1376;0.0000;0.3783;-3.5583;4.0481
346;2.2402;-0.9033;0.0000;0.3949;-3.5860;3.8605
347;2.2385;-0.6689;0.0000;0.3284;-3.6103;3.6942
348;2.2368;-0.4346;0.0000;0.3493;-3.6597;3.7384
349;2.2351;-0.2006;0.0000;0.2564;-3.6682;4.3959
350;2.2333;0.0337;0.0000;0.2473;-3.6160;4.5114
351;2.2315;0.2681;0.0000;0.2613;-3.6465;4.5892
352;2.2297;0.5021;0.0000;0.2968;-3.6096;4.8460
353;2.2280;0.7366;0.0000;0.2713;-3.4497;4.4965
354;2.2266;0.9715;0.0000;0.2287;-3.4496;4.4186
355;2.2250;1.2059;0.0000;0.2482;-3.5571;4.2690
356;2.2233;1.4403;0.0000;0.2062;-3.4970;4.3941
357;2.2213;1.6751;0.0000;0.3114;-3.3703;4.2270
358;2.2196;1.9099;0.0000;0.3160;-3.4223;4.2288
359;2.2176;2.1446;0.0000;0.3197;-3.5083;3.9886
360;2.2155;2.3791;0.0000;0.3803;-3.4996;4.1689
361;2.2136;2.6138;0.0000;0.3778;-3.3862;4.2546
362;2.2117;2.8488;0.0000;0.2582;-3.2087;4.4965
363;2.2095;3.0843;0.0000;0.2297;-3.1169;4.3696
364;2.2074;3.3197;0.0000;0.3024;-3.2847;3.8828
365;2.2057;3.5546;0.0000;0.2679;-3.2401;3.3093
366;2.2038;3.7901;0.0000;0.3310;-3.1569;3.4633
367;2.2020;4.0256;0.0000;0.3850;-3.1907;3.6627
368;2.2003;4.2607;0.0000;0.3524;-3.0520;3.1654
369;2.1986;4.4970;0.0000;0.3619;-2.9115;3.2629
370;2.1969;4.7327;0.0000;0.3891;-3.1163;3.5626
371;2.1950;4.9677;0.0000;0.3784;-3.3066;3.7021
372;2.1930;5.2029;0.0000;0.4724;-3.3061;3.4759
373;2.1913;5.4378;0.0000;0.2596;-3.4062;3.6028
374;2.1894;5.6725;0.0000;0.2488;-3.4015;3.9278
375;2.1875;5.9075;0.0000;0.2071;-3.3364;3.9703
376;2.1854;6.1424;0.0000;0.1523;-3.2982;3.6658
377;2.1832;6.3774;0.0000;0.1599;-3.4078;3.6514
378;2.1810;6.6120;0.0000;0.2423;-3.5623;4.0083
379;2.1788;6.8464;0.0000;0.2997;-3.4624;3.9501
380;2.1767;7.0812;0.0000;0.2853;-3.4791;3.5639
381;2.1745;7.3157;0.0000;0.2697;-3.5385;3.7559
382;2.1720;7.5502;0.0000;0.3427;-3.4642;3.6024
383;2.1694;7.7851;0.0000;0.4902;-3.2524;3.3714
384;2.1674;8.0207;0.0000;0.4589;-3.1073;3.2165
385;2.2232;8.2041;0.0000;0.3718;-3.1946;3.3797
386;2.4671;8.1996;0.0000;0.3266;-3.2599;3.6549
387;2.7110;8.1950;0.0000;0.3308;-3.3871;4.3325
388;2.9548;8.1907;0.0000;0.2843;-3.4249;5.1439
389;3.1985;8.1863;0.0000;0.2316;-3.4713;5.7113
390;3.4419;8.1821;0.0000;0.1841;-3.4625;5.8758
391;3.6855;8.1779;0.0000;0.2595;-3.3852;6.9234
392;3.9293;8.1737;0.0000;0.3410;-3.4159;6.9650
393;4.1733;8.1695;0.0000;0.3940;-3.4124;7.0372
394;-3.1043;8.1415;0.0000;0.2691;-3.6441;4.4348
395;-2.8714;8.1370;0.0000;0.1970;-3.5929;4.4204
396;-2.6304;8.1414;0.0000;0.1525;-3.5281;4.3985
397;-2.3858;8.1432;0.0000;-0.0142;-3.4560;4.8587
398;-4.2896;8.0396;0.0000;0.2142;-3.6874;4.3539
399;-4.0371;8.0499;0.0000;0.2050;-3.6433;4.4983
400;-3.7911;8.0527;0.0000;0.2315;-3.7015;4.5976
401;-3.5464;8.0550;0.0000;0.2471;-3.7311;4.7927
402;-3.2990;8.0514;0.0000;0.2636;-3.6617;4.7472
403;-3.0405;7.9788;0.0000;0.2479;-3.5398;4.4773
404;-2.7925;7.9761;0.0000;0.1571;-3.4986;4.1010
405;-2.5548;7.9800;0.0000;0.1833;-3.4818;4.3495
406;-2.3284;7.9747;0.0000;-0.0560;-3.4287;4.6137
407;2.3499;7.9962;0.0000;0.3950;-3.1891;3.6859
408;2.5794;8.0047;0.0000;0.3073;-3.3196;4.1080
409;2.8175;8.0013;0.0000;0.3084;-3.3903;4.6741
410;3.0588;7.9979;0.0000;0.2641;-3.4113;5.4020
411;3.3017;7.9947;0.0000;0.2211;-3.4216;6.0569
412;3.5449;7.9913;0.0000;0.2322;-3.4119;6.6177
413;3.7875;7.9877;0.0000;0.3035;-3.4173;6.9829
414;4.0250;7.9827;0.0000;0.3494;-3.4303;7.0556
415;4.2393;8.0065;0.0000;0.3853;-3.4115;7.2458
416;-4.3423;7.8197;0.0000;0.1751;-3.6296;4.5774
417;-4.1332;7.8361;0.0000;0.1593;-3.6241;4.4685
418;-3.9020;7.8400;0.0000;0.2278;-3.6568;4.4786
419;-3.6634;7.8415;0.0000;0.3020;-3.7568;4.7800
420;-3.4236;7.8403;0.0000;0.2666;-3.7411;4.8211
421;-3.1869;7.8225;0.0000;0.2451;-3.5773;4.8346
422;-2.9356;7.8002;0.0000;0.1747;-3.4652;4.5892
423;-2.6982;7.7986;0.0000;0.1545;-3.4898;4.3206
424;-2.4788;7.7967;0.0000;0.2317;-3.4483;4.3539
425;-2.2859;7.7788;0.0000;0.1011;-3.3794;4.9926
426;2.4422;7.8130;0.0000;0.3708;-3.3416;3.9978
427;2.6856;7.8079;0.0000;0.3162;-3.4119;4.4917
428;2.9273;7.8052;0.0000;0.2940;-3.4105;5.1562
429;3.1698;7.8029;0.0000;0.2623;-3.4026;5.7012
430;3.4134;7.8008;0.0000;0.2489;-3.4083;6.5424
431;3.6587;7.7989;0.0000;0.2819;-3.4493;6.8740
432;3.9095;7.7975;0.0000;0.3209;-3.4743;7.1675
433;4.1803;7.8035;0.0000;0.3386;-3.4273;7.3311
434;-4.2663;7.6214;0.0000;0.1483;-3.5461;4.6872
435;-4.0234;7.6283;0.0000;0.1742;-3.5344;4.5582
436;-3.7834;7.6306;0.0000;0.2850;-3.5559;4.6750
437;-3.5429;7.6308;0.0000;0.2914;-3.6171;4.8959
438;-3.3037;7.6250;0.0000;0.2760;-3.5784;4.4059
439;-3.0624;7.6169;0.0000;0.2441;-3.5009;4.2695
440;-2.8210;7.6095;0.0000;0.1530;-3.5173;4.4773
441;-2.5899;7.6070;0.0000;0.2030;-3.4883;4.7905
442;-2.3666;7.6011;0.0000;0.2303;-3.4329;4.8793
443;2.3573;7.6322;0.0000;0.3935;-3.4053;3.9226
444;2.5712;7.6105;0.0000;0.3205;-3.4357;4.5227
445;2.8048;7.6082;0.0000;0.3343;-3.4635;5.0192
446;3.0449;7.6070;0.0000;0.2900;-3.4837;5.7507
447;3.2873;7.6057;0.0000;0.2898;-3.4820;6.5166
448;3.5304;7.6048;0.0000;0.2563;-3.4914;6.7861
449;3.7725;7.6060;0.0000;0.2787;-3.5053;7.6238
450;4.0128;7.6106;0.0000;0.2965;-3.4813;7.4724
451;4.2371;7.5856;0.0000;0.3378;-3.4525;7.3241
452;-4.3650;7.4195;0.0000;0.1789;-3.5870;4.5945
453;-4.1365;7.4214;0.0000;0.1852;-3.5856;4.7100
454;-3.9015;7.4223;0.0000;0.2501;-3.5468;4.7108
455;-3.6623;7.4231;0.0000;0.2329;-3.4531;4.7756
456;-3.4223;7.4219;0.0000;0.2108;-3.4178;4.5254
457;-3.1811;7.4185;0.0000;0.3180;-3.4456;4.2782
458;-2.9410;7.4151;0.0000;0.2414;-3.4511;4.8893
459;-2.7073;7.4121;0.0000;0.1841;-3.4510;5.0271
460;-2.4855;7.4110;0.0000;0.2279;-3.4760;4.7419
461;-2.2752;7.4157;0.0000;0.2761;-3.5146;4.9042
462;2.4194;7.4172;0.0000;0.2953;-3.5029;4.0092
463;2.6741;7.4092;0.0000;0.2984;-3.5198;4.6045
464;2.9200;7.4083;0.0000;0.3193;-3.5681;5.0591
465;3.1637;7.4074;0.0000;0.3270;-3.5632;6.1129
466;3.4066;7.4065;0.0000;0.2946;-3.5629;6.6938
467;3.6467;7.4065;0.0000;0.2496;-3.5549;7.2983
468;3.8790;7.4080;0.0000;0.2681;-3.5020;7.7633
469;4.0929;7.4004;0.0000;0.2941;-3.4931;7.2231
470;4.2854;7.3758;0.0000;0.3832;-3.5280;7.0293
471;-4.2654;7.2222;0.0000;0.2126;-3.6002;4.6592
472;-4.0233;7.2174;0.0000;0.2718;-3.6050;4.5446
473;-3.7833;7.2171;0.0000;0.2451;-3.5071;4.6973
474;-3.5426;7.2170;0.0000;0.1537;-3.3780;4.7896
475;-3.3011;7.2162;0.0000;0.2818;-3.3707;4.7209
476;-3.0596;7.2146;0.0000;0.3554;-3.4221;4.7467
477;-2.8219;7.2127;0.0000;0.2227;-3.4221;5.0717
478;-2.5913;7.2120;0.0000;0.2133;-3.4714;4.8946
479;-2.3652;7.2190;0.0000;0.2765;-3.5584;4.6785
480;2.3541;7.2084;0.0000;0.2625;-3.5405;3.7922
481;2.5646;7.2085;0.0000;0.2508;-3.5573;4.3963
482;2.8009;7.2083;0.0000;0.2937;-3.5556;4.4926
483;3.0423;7.2073;0.0000;0.3370;-3.5373;5.1505
484;3.2849;7.2062;0.0000;0.3540;-3.5412;5.6037
485;3.5262;7.2055;0.0000;0.2735;-3.5428;6.7231
486;3.7624;7.2049;0.0000;0.2651;-3.5206;7.2988
487;3.9885;7.2017;0.0000;0.2888;-3.5076;7.1649
488;4.2077;7.1917;0.0000;0.3588;-3.5218;7.4186
489;-4.3427;7.0301;0.0000;0.2071;-3.5821;4.4746
490;-4.1329;7.0138;0.0000;0.2693;-3.6103;4.1610
491;-3.9015;7.0121;0.0000;0.2856;-3.5760;4.4431
492;-3.6632;7.0124;0.0000;0.1945;-3.4697;4.7983
493;-3.4221;7.0126;0.0000;0.2377;-3.4146;4.8618
494;-3.1802;7.0121;0.0000;0.3554;-3.4268;4.6220
495;-2.9404;7.0110;0.0000;0.3043;-3.4822;4.6330
496;-2.7074;7.0097;0.0000;0.2665;-3.5257;4.7970
497;-2.4877;7.0115;0.0000;0.2959;-3.5395;4.5796
498;-2.2940;7.0273;0.0000;0.2635;-3.5782;4.9471
499;2.4236;6.9967;0.0000;0.2597;-3.4831;3.9208
500;2.6751;7.0062;0.0000;0.2571;-3.4951;4.3233
501;2.9198;7.0060;0.0000;0.2957;-3.4690;4.6680
502;3.1630;7.0048;0.0000;0.3564;-3.4850;5.2200
503;3.4054;7.0038;0.0000;0.3406;-3.4998;6.1514
504;3.6442;7.0026;0.0000;0.2976;-3.4939;6.3290
505;3.8748;7.0005;0.0000;0.2907;-3.4990;6.7082
506;4.0921;6.9981;0.0000;0.2638;-3.5024;7.3425
507;4.2969;6.9960;0.0000;0.3876;-3.5295;6.5954
508;-4.2811;6.8157;0.0000;0.2128;-3.6946;4.6601
509;-4.0306;6.8090;0.0000;0.2808;-3.6823;4.2441
510;-3.7869;6.8085;0.0000;0.2265;-3.6169;4.5822
511;-3.5445;6.8088;0.0000;0.2428;-3.5170;4.5980
512;-3.3017;6.8089;0.0000;0.3333;-3.5219;4.8224
513;-3.0596;6.8085;0.0000;0.3201;-3.5612;4.5542
514;-2.8201;6.8079;0.0000;0.2862;-3.5264;4.4304
515;-2.5838;6.8077;0.0000;0.3402;-3.4702;4.6815
516;-2.3473;6.8141;0.0000;0.2059;-3.4389;4.9160
517;2.3636;6.7779;0.0000;0.2608;-3.5561;4.0201
518;2.5727;6.8005;0.0000;0.2751;-3.5250;4.0538
519;2.8044;6.8035;0.0000;0.3009;-3.4937;4.6395
520;3.0432;6.8026;0.0000;0.2834;-3.5009;6.0774
521;3.2846;6.8016;0.0000;0.3355;-3.4884;6.4248
522;3.5254;6.8003;0.0000;0.3357;-3.4722;6.8981
523;3.7616;6.7984;0.0000;0.3145;-3.4892;6.8871
524;3.9894;6.7968;0.0000;0.2538;-3.4962;6.9099
525;4.2108;6.8009;0.0000;0.3441;-3.5066;7.2415
526;-4.3481;6.6071;0.0000;0.2253;-3.7865;4.6234
527;-4.1395;6.6059;0.0000;0.2438;-3.7184;4.3871
528;-3.9056;6.6060;0.0000;0.2392;-3.7074;4.3465
529;-3.6657;6.6057;0.0000;0.2209;-3.7013;4.1566
530;-3.4237;6.6057;0.0000;0.2905;-3.6302;4.3815
531;-3.1813;6.6060;0.0000;0.3506;-3.6009;4.6133
532;-2.9407;6.6056;0.0000;0.2787;-3.5678;4.8368
533;-2.7053;6.6048;0.0000;0.3443;-3.5210;4.9641
534;-2.4805;6.6044;0.0000;0.3378;-3.4810;4.7686
535;-2.2837;6.6079;0.0000;0.1303;-3.3485;4.8237
536;2.4416;6.5891;0.0000;0.2545;-3.5532;3.7183
537;2.6827;6.5988;0.0000;0.2962;-3.4911;4.2931
538;2.9225;6.5997;0.0000;0.2910;-3.4758;5.6387
539;3.1636;6.5990;0.0000;0.2860;-3.4793;6.6549
540;3.4051;6.5977;0.0000;0.3485;-3.4560;7.0179
541;3.6440;6.5960;0.0000;0.3286;-3.4416;7.2297
542;3.8756;6.5939;0.0000;0.2769;-3.4603;7.8928
543;4.0921;6.5940;0.0000;0.2551;-3.4980;7.4453
544;4.2811;6.6053;0.0000;0.4408;-3.5257;7.0127
545;-4.2805;6.3949;0.0000;0.2508;-3.6621;4.1080
546;-4.0313;6.4029;0.0000;0.2802;-3.6079;4.2870
547;-3.7880;6.4034;0.0000;0.2521;-3.6286;4.1614
548;-3.5458;6.4029;0.0000;0.2073;-3.6921;4.3609
549;-3.3033;6.4029;0.0000;0.3309;-3.7093;4.4335
550;-3.0608;6.4028;0.0000;0.3590;-3.6615;4.7082
551;-2.8209;6.4026;0.0000;0.3118;-3.6113;5.0118
552;-2.5839;6.4017;0.0000;0.3666;-3.5615;4.8828
553;-2.3457;6.3951;0.0000;0.2307;-3.5088;5.0280
554;2.3426;6.3869;0.0000;0.2222;-3.3766;3.3145
555;2.5701;6.3950;0.0000;0.2482;-3.3506;3.7528
556;2.8042;6.3962;0.0000;0.3228;-3.3705;4.8552
557;3.0431;6.3960;0.0000;0.2758;-3.3970;6.2165
558;3.2843;6.3951;0.0000;0.3407;-3.4169;6.4265
559;3.5257;6.3937;0.0000;0.3868;-3.3975;7.1785
560;3.7641;6.3918;0.0000;0.2918;-3.3782;7.2463
561;3.9976;6.3904;0.0000;0.2542;-3.4039;7.5052
562;4.2292;6.3938;0.0000;0.3741;-3.4145;7.6395
563;-4.3396;6.1773;0.0000;0.2543;-3.6753;4.0087
564;-4.1331;6.1973;0.0000;0.2765;-3.6074;4.0792
565;-3.9035;6.2000;0.0000;0.3185;-3.5503;4.2791
566;-3.6658;6.1999;0.0000;0.1841;-3.5456;4.2839
567;-3.4250;6.2002;0.0000;0.2139;-3.6301;4.2069
568;-3.1831;6.2004;0.0000;0.3496;-3.6869;4.4440
569;-2.9428;6.2000;0.0000;0.3795;-3.6416;4.7025
570;-2.7083;6.1992;0.0000;0.3808;-3.5236;4.4274
571;-2.4861;6.1960;0.0000;0.3414;-3.4359;4.6107
572;-2.2894;6.1785;0.0000;0.2376;-3.4418;4.8500
573;2.4434;6.1964;0.0000;0.1767;-3.2416;4.0048
574;2.6829;6.1925;0.0000;0.2831;-3.2705;4.7257
575;2.9224;6.1924;0.0000;0.3212;-3.3421;5.6024
576;3.1631;6.1920;0.0000;0.2889;-3.3705;6.5184
577;3.4047;6.1909;0.0000;0.3802;-3.3819;7.1605
578;3.6445;6.1895;0.0000;0.3533;-3.3820;7.2638
579;3.8779;6.1882;0.0000;0.2681;-3.3654;7.1076
580;4.0984;6.1861;0.0000;0.2665;-3.3591;6.7927
581;4.2895;6.1867;0.0000;0.4163;-3.3810;7.0319
582;-4.2638;5.9869;0.0000;0.2805;-3.6401;4.2826
583;-4.0249;5.9952;0.0000;0.3392;-3.6184;4.2835
584;-3.7866;5.9963;0.0000;0.2420;-3.6037;4.2305
585;-3.5466;5.9965;0.0000;0.1699;-3.5317;4.5831
586;-3.3048;5.9970;0.0000;0.2833;-3.4876;4.6142
587;-3.0632;5.9970;0.0000;0.3857;-3.4918;4.4790
588;-2.8241;5.9960;0.0000;0.3958;-3.4285;4.6242
589;-2.5904;5.9936;0.0000;0.3558;-3.3833;4.8456
590;-2.3594;5.9856;0.0000;0.2880;-3.3765;4.8071
591;2.3596;6.0111;0.0000;0.1649;-3.3301;3.9199
592;2.5716;5.9888;0.0000;0.2076;-3.3288;4.8119
593;2.8039;5.9886;0.0000;0.3303;-3.3442;5.8495
594;3.0427;5.9886;0.0000;0.3147;-3.3381;6.3198
595;3.2838;5.9880;0.0000;0.3162;-3.3426;6.9046
596;3.5249;5.9870;0.0000;0.3285;-3.3832;7.2275
597;3.7632;5.9859;0.0000;0.3110;-3.4005;6.8657
598;3.9966;5.9845;0.0000;0.2743;-3.4056;6.8705
599;4.2291;5.9752;0.0000;0.4093;-3.4459;6.4086
600;-4.3613;5.7866;0.0000;0.2647;-3.5427;4.5857
601;-4.1369;5.7916;0.0000;0.3335;-3.5437;4.3241
602;-3.9048;5.7929;0.0000;0.3088;-3.5588;4.3841
603;-3.6670;5.7933;0.0000;0.2303;-3.5676;4.4226
604;-3.4262;5.7933;0.0000;0.2834;-3.4631;4.7603
605;-3.1844;5.7937;0.0000;0.3350;-3.3477;4.5989
606;-2.9438;5.7930;0.0000;0.4125;-3.3292;4.2979
607;-2.7081;5.7912;0.0000;0.3842;-3.3303;4.5949
608;-2.4811;5.7892;0.0000;0.3206;-3.3399;4.9366
609;-2.2641;5.7851;0.0000;0.2769;-3.3573;4.6006
610;2.4245;5.7914;0.0000;0.2241;-3.3986;4.0678
611;2.6766;5.7868;0.0000;0.2738;-3.4087;5.4624
612;2.9200;5.7855;0.0000;0.3220;-3.3408;6.0114
613;3.1622;5.7848;0.0000;0.3071;-3.3085;6.3500
614;3.4039;5.7839;0.0000;0.2699;-3.3198;6.6575
615;3.6427;5.7830;0.0000;0.2792;-3.3446;6.5757
616;3.8739;5.7822;0.0000;0.3006;-3.3905;6.7165
617;4.0902;5.7810;0.0000;0.3228;-3.4229;6.8517
618;4.2832;5.7590;0.0000;0.5215;-3.3871;7.4703
619;-4.2634;5.5926;0.0000;0.2792;-3.4894;4.4405
620;-4.0254;5.5895;0.0000;0.2828;-3.4784;4.1872
621;-3.7877;5.5897;0.0000;0.2763;-3.4622;4.0101
622;-3.5476;5.5900;0.0000;0.3223;-3.4582;4.4510
623;-3.3056;5.5897;0.0000;0.3434;-3.3894;4.5477
624;-3.0640;5.5895;0.0000;0.3583;-3.2998;4.2738
625;-2.8244;5.5885;0.0000;0.4093;-3.3157;4.4335
626;-2.5892;5.5871;0.0000;0.3517;-3.3345;4.9182
627;-2.3559;5.5900;0.0000;0.2617;-3.3302;4.8259
628;2.3674;5.5800;0.0000;0.2588;-3.4101;3.8001
629;2.5743;5.5868;0.0000;0.2875;-3.4012;4.6754
630;2.8045;5.5832;0.0000;0.3288;-3.3622;5.5967
631;3.0426;5.5817;0.0000;0.3219;-3.3229;6.1080
632;3.2834;5.5807;0.0000;0.2776;-3.3156;6.4720
633;3.5237;5.5796;0.0000;0.2463;-3.2957;7.1400
634;3.7597;5.5783;0.0000;0.2766;-3.2806;6.6710
635;3.9870;5.5773;0.0000;0.3195;-3.2853;7.2157
636;4.2072;5.5781;0.0000;0.4684;-3.2811;7.5857
637;-4.3385;5.3985;0.0000;0.2637;-3.4411;4.7668
638;-4.1331;5.3861;0.0000;0.1932;-3.4412;4.4624
639;-3.9051;5.3856;0.0000;0.2392;-3.4042;4.3758
640;-3.6682;5.3862;0.0000;0.3196;-3.3728;4.2629
641;-3.4271;5.3864;0.0000;0.4105;-3.4118;4.4563
642;-3.1850;5.3863;0.0000;0.3272;-3.4113;4.4646
643;-2.9443;5.3852;0.0000;0.3282;-3.3644;4.5971
644;-2.7083;5.3835;0.0000;0.3823;-3.3821;4.6487
645;-2.4827;5.3831;0.0000;0.3807;-3.3691;4.6277
646;-2.2804;5.3956;0.0000;0.2451;-3.3265;4.2082
647;2.4446;5.3829;0.0000;0.2816;-3.3737;3.9278
648;2.6833;5.3807;0.0000;0.3118;-3.3572;5.0398
649;2.9218;5.3785;0.0000;0.3138;-3.3995;6.1636
650;3.1623;5.3775;0.0000;0.2888;-3.4129;6.4094
651;3.4032;5.3764;0.0000;0.2500;-3.3879;7.0805
652;3.6417;5.3747;0.0000;0.2603;-3.3736;7.7423
653;3.8726;5.3727;0.0000;0.2943;-3.3650;7.6387
654;4.0894;5.3735;0.0000;0.3620;-3.3602;7.5954
655;4.2843;5.4018;0.0000;0.5838;-3.3432;7.6544
656;-4.2780;5.1861;0.0000;0.3102;-3.4676;4.5481
657;-4.0320;5.1824;0.0000;0.2006;-3.4214;4.3202
658;-3.7908;5.1825;0.0000;0.2456;-3.4126;4.3845
659;-3.5494;5.1828;0.0000;0.3263;-3.4502;4.3285
660;-3.3068;5.1829;0.0000;0.3412;-3.4251;4.1960
661;-3.0647;5.1824;0.0000;0.2836;-3.3707;4.2563
662;-2.8233;5.1812;0.0000;0.3270;-3.3559;4.1973
663;-2.5824;5.1799;0.0000;0.4195;-3.3595;4.6457
664;-2.3371;5.1832;0.0000;0.2884;-3.4162;4.4790
665;2.3502;5.1922;0.0000;0.3375;-3.3124;3.8158
666;2.5726;5.1800;0.0000;0.3038;-3.3160;4.4007
667;2.8044;5.1760;0.0000;0.2638;-3.3466;5.6789
668;3.0421;5.1747;0.0000;0.2952;-3.4080;6.4265
669;3.2827;5.1736;0.0000;0.2825;-3.4534;6.8303
670;3.5235;5.1721;0.0000;0.2545;-3.5074;7.4339
671;3.7616;5.1702;0.0000;0.2798;-3.5496;7.3688
672;3.9959;5.1697;0.0000;0.3271;-3.5490;7.3351
673;4.2316;5.1835;0.0000;0.5729;-3.5088;7.2388
674;-4.3414;4.9773;0.0000;0.4188;-3.5386;4.6505
675;-4.1377;4.9787;0.0000;0.3295;-3.5281;4.2839
676;-3.9073;4.9796;0.0000;0.2831;-3.4992;4.2778
677;-3.6696;4.9797;0.0000;0.2208;-3.4507;4.2288
678;-3.4288;4.9798;0.0000;0.2922;-3.3896;4.4829
679;-3.1866;4.9793;0.0000;0.3557;-3.3090;4.2642
680;-2.9448;4.9784;0.0000;0.3399;-3.2213;3.9834
681;-2.7066;4.9773;0.0000;0.3047;-3.2044;4.5779
682;-2.4766;4.9751;0.0000;0.3706;-3.2884;4.3250
683;-2.2735;4.9744;0.0000;0.1418;-3.4411;4.1815
684;2.4477;4.9864;0.0000;0.3207;-3.3202;4.3871
685;2.6847;4.9743;0.0000;0.2769;-3.2948;5.2839
686;2.9218;4.9714;0.0000;0.2694;-3.2694;5.6973
687;3.1618;4.9705;0.0000;0.3016;-3.3122;6.3360
688;3.4028;4.9696;0.0000;0.2445;-3.4279;6.6041
689;3.6425;4.9682;0.0000;0.2717;-3.5131;6.9913
690;3.8774;4.9668;0.0000;0.3050;-3.5092;6.7052
691;4.1009;4.9697;0.0000;0.3671;-3.4743;6.6444
692;4.2952;4.9737;0.0000;0.7006;-3.4395;6.7931
693;-4.2751;4.7669;0.0000;0.3923;-3.4707;4.2200
694;-4.0306;4.7770;0.0000;0.3547;-3.5041;4.2218
695;-3.7908;4.7767;0.0000;0.3072;-3.4560;4.2533
696;-3.5502;4.7762;0.0000;0.2635;-3.3302;4.4974
697;-3.3083;4.7759;0.0000;0.3169;-3.2765;4.3364
698;-3.0659;4.7751;0.0000;0.3692;-3.2876;4.4046
699;-2.8240;4.7741;0.0000;0.3148;-3.2649;4.6837
700;-2.5831;4.7724;0.0000;0.3221;-3.2424;4.5389
701;-2.3376;4.7621;0.0000;0.1909;-3.2562;4.4952
702;2.3753;4.7971;0.0000;0.3101;-3.2344;3.7931
703;2.5783;4.7736;0.0000;0.2905;-3.2113;4.2279
704;2.8056;4.7679;0.0000;0.3169;-3.2366;5.2231
705;3.0421;4.7668;0.0000;0.3135;-3.2396;5.7892
706;3.2823;4.7663;0.0000;0.2292;-3.2586;6.4615
707;3.5231;4.7658;0.0000;0.2149;-3.3348;6.2533
708;3.7629;4.7646;0.0000;0.2678;-3.4009;6.0416
709;4.0002;4.7638;0.0000;0.3310;-3.3935;5.5114
710;4.2379;4.7628;0.0000;0.6541;-3.4075;5.9882
711;-4.3327;4.5493;0.0000;0.4088;-3.4302;3.9633
712;-4.1287;4.5736;0.0000;0.3251;-3.3798;3.6352
713;-3.9040;4.5739;0.0000;0.3637;-3.4158;3.5691
714;-3.6690;4.5730;0.0000;0.3196;-3.4372;4.1220
715;-3.4293;4.5723;0.0000;0.3046;-3.4067;4.4151
716;-3.1875;4.5719;0.0000;0.3458;-3.4375;4.4186
717;-2.9463;4.5712;0.0000;0.3162;-3.4899;4.6111
718;-2.7091;4.5698;0.0000;0.3053;-3.4418;4.5744
719;-2.4813;4.5650;0.0000;0.3058;-3.3357;4.5512
720;-2.2770;4.5427;0.0000;0.2715;-3.2015;4.7896
721;2.4351;4.5774;0.0000;0.3324;-2.9720;3.9659
722;2.6794;4.5656;0.0000;0.3156;-3.0694;4.7664
723;2.9198;4.5633;0.0000;0.3313;-3.1527;5.3998
724;3.1607;4.5626;0.0000;0.2701;-3.1660;5.9554
725;3.4020;4.5622;0.0000;0.2143;-3.1332;6.2213
726;3.6421;4.5618;0.0000;0.2586;-3.1621;5.9182
727;3.8773;4.5611;0.0000;0.2798;-3.2506;5.5919
728;4.1013;4.5572;0.0000;0.3935;-3.3075;5.8198
729;4.2971;4.5535;0.0000;0.7531;-3.3600;5.6505
730;-4.2503;4.3708;0.0000;0.3365;-3.4068;3.7927
731;-4.0210;4.3696;0.0000;0.3206;-3.3677;3.4138
732;-3.7880;4.3693;0.0000;0.3181;-3.3811;4.0052
733;-3.5500;4.3690;0.0000;0.3094;-3.4117;4.2073
734;-3.3090;4.3688;0.0000;0.3328;-3.4384;4.3915
735;-3.0671;4.3683;0.0000;0.3134;-3.4858;4.3976
736;-2.8265;4.3671;0.0000;0.3081;-3.5238;4.3657
737;-2.5883;4.3638;0.0000;0.3160;-3.4628;4.1570
738;-2.3502;4.3522;0.0000;0.3547;-3.3508;4.2248
739;2.3702;4.3644;0.0000;0.3677;-2.8756;3.5997
740;2.5729;4.3628;0.0000;0.3188;-2.9362;4.4221
741;2.8024;4.3599;0.0000;0.3135;-2.9964;4.7493
742;3.0402;4.3590;0.0000;0.3038;-3.0573;5.4471
743;3.2809;4.3583;0.0000;0.2226;-3.0878;5.9891
744;3.5218;4.3578;0.0000;0.2488;-3.0545;5.7830
745;3.7611;4.3575;0.0000;0.3072;-3.0508;5.4287
746;3.9971;4.3560;0.0000;0.3759;-3.1331;5.0293
747;4.2355;4.3430;0.0000;0.6213;-3.2084;5.2218
748;-4.3301;4.1951;0.0000;0.3862;-3.3546;3.9948
749;-4.1273;4.1668;0.0000;0.2757;-3.3293;3.7787
750;-3.9037;4.1648;0.0000;0.2310;-3.3198;3.4650
751;-3.6699;4.1650;0.0000;0.2681;-3.3162;3.7883
752;-3.4304;4.1651;0.0000;0.3590;-3.3323;4.2262
753;-3.1887;4.1650;0.0000;0.3486;-3.3397;4.1675
754;-2.9473;4.1644;0.0000;0.2680;-3.3479;4.1277
755;-2.7087;4.1625;0.0000;0.3214;-3.3685;3.9646
756;-2.4760;4.1581;0.0000;0.3121;-3.3416;4.1562
757;-2.2504;4.1482;0.0000;0.3830;-3.2335;4.3828
758;2.4340;4.1544;0.0000;0.3363;-3.0943;4.1929
759;2.6780;4.1566;0.0000;0.2816;-3.0455;5.0227
760;2.9182;4.1553;0.0000;0.2984;-3.0668;5.2695
761;3.1591;4.1545;0.0000;0.2667;-3.1106;5.2791
762;3.4003;4.1540;0.0000;0.2429;-3.1491;5.2857
763;3.6396;4.1534;0.0000;0.3072;-3.1504;4.7612
764;3.8729;4.1529;0.0000;0.3527;-3.1588;4.7428
765;4.0936;4.1508;0.0000;0.4308;-3.2159;4.6549
766;4.2927;4.1236;0.0000;0.6641;-3.2452;4.5162
767;-4.2715;3.9765;0.0000;0.4183;-3.1719;3.6518
768;-4.0296;3.9621;0.0000;0.2132;-3.2115;3.7345
769;-3.7920;3.9611;0.0000;0.1909;-3.2609;3.8066
770;-3.5525;3.9613;0.0000;0.3182;-3.2835;3.8303
771;-3.3107;3.9613;0.0000;0.3907;-3.2247;3.8329
772;-3.0684;3.9609;0.0000;0.2890;-3.1288;3.9851
773;-2.8275;3.9597;0.0000;0.2660;-3.0522;3.7647
774;-2.5875;3.9574;0.0000;0.3583;-3.0224;4.0306
775;-2.3466;3.9565;0.0000;0.3711;-3.0557;4.1623
776;2.3765;3.9418;0.0000;0.3326;-3.1515;4.0367
777;2.5786;3.9524;0.0000;0.2600;-3.1535;4.7227
778;2.8041;3.9519;0.0000;0.2728;-3.1746;5.1798
779;3.0397;3.9510;0.0000;0.2600;-3.1994;5.4904
780;3.2795;3.9503;0.0000;0.2798;-3.2097;5.7603
781;3.5200;3.9497;0.0000;0.3239;-3.2299;5.3412
782;3.7576;3.9488;0.0000;0.3517;-3.2200;5.1242
783;3.9885;3.9476;0.0000;0.3807;-3.2022;5.1041
784;4.2141;3.9462;0.0000;0.5550;-3.1848;4.5591
785;-4.3355;3.7660;0.0000;0.5489;-3.2785;3.7388
786;-4.1361;3.7615;0.0000;0.3115;-3.3169;3.6019
787;-3.9092;3.7576;0.0000;0.2220;-3.3142;3.5783
788;-3.6727;3.7575;0.0000;0.3156;-3.2111;3.3963
789;-3.4323;3.7575;0.0000;0.3774;-3.1089;3.5101
790;-3.1900;3.7569;0.0000;0.4074;-3.0494;3.7240
791;-2.9480;3.7559;0.0000;0.2360;-3.0079;3.9899
792;-2.7092;3.7537;0.0000;0.2208;-3.0354;3.9204
793;-2.4775;3.7503;0.0000;0.2561;-3.0799;4.1172
794;-2.2674;3.7608;0.0000;0.4138;-3.1051;4.1002
795;2.4509;3.7459;0.0000;0.2825;-3.1802;4.2660
796;2.6848;3.7476;0.0000;0.2821;-3.1635;4.7423
797;2.9201;3.7472;0.0000;0.2727;-3.1603;5.3548
798;3.1588;3.7466;0.0000;0.2676;-3.1726;5.9020
799;3.3994;3.7461;0.0000;0.3259;-3.1794;5.8193
800;3.6388;3.7450;0.0000;0.3446;-3.1729;6.1168
801;3.8722;3.7431;0.0000;0.3489;-3.1335;5.7747
802;4.0937;3.7427;0.0000;0.4263;-3.1004;5.1500
803;4.2947;3.7677;0.0000;0.6624;-3.1189;4.6855
804;-4.2757;3.5566;0.0000;0.5189;-3.4385;3.1360
805;-4.0341;3.5552;0.0000;0.3021;-3.3980;3.2524
806;-3.7948;3.5544;0.0000;0.3058;-3.2999;3.1776
807;-3.5540;3.5534;0.0000;0.3778;-3.1838;3.1850
808;-3.3118;3.5531;0.0000;0.3933;-3.1221;3.8075
809;-3.0688;3.5523;0.0000;0.3120;-3.1380;4.0000
810;-2.8258;3.5514;0.0000;0.2419;-3.2499;4.0958
811;-2.5807;3.5501;0.0000;0.1773;-3.3847;4.2130
812;-2.3255;3.5477;0.0000;0.3058;-3.3757;4.1929
813;2.3584;3.5507;0.0000;0.2981;-3.2583;3.5744
814;2.5761;3.5455;0.0000;0.2754;-3.2537;4.8552
815;2.8040;3.5431;0.0000;0.2965;-3.1951;5.7380
816;3.0393;3.5426;0.0000;0.2610;-3.1333;6.4300
817;3.2789;3.5422;0.0000;0.3038;-3.1159;6.8486
818;3.5198;3.5415;0.0000;0.3233;-3.1227;6.8403
819;3.7595;3.5400;0.0000;0.3636;-3.1097;6.7406
820;3.9977;3.5389;0.0000;0.4394;-3.0743;6.3521
821;4.2401;3.5499;0.0000;0.6226;-3.0919;5.6658
822;-4.3337;3.3458;0.0000;0.5163;-3.4247;3.0214
823;-4.1356;3.3494;0.0000;0.3849;-3.3700;3.2327
824;-3.9096;3.3514;0.0000;0.2523;-3.2594;3.2712
825;-3.6739;3.3505;0.0000;0.3359;-3.3110;3.5096
826;-3.4335;3.3496;0.0000;0.3780;-3.3850;3.4939
827;-3.1912;3.3489;0.0000;0.3403;-3.3836;3.8088
828;-2.9491;3.3485;0.0000;0.3027;-3.3922;3.8263
829;-2.7087;3.3483;0.0000;0.2682;-3.3590;3.7712
830;-2.4743;3.3485;0.0000;0.1751;-3.3521;4.0608
831;-2.2584;3.3290;0.0000;0.3169;-3.3424;4.0031
832;2.4534;3.3496;0.0000;0.3090;-3.3088;4.7730
833;2.6857;3.3408;0.0000;0.3284;-3.2838;5.4055
834;2.9202;3.3388;0.0000;0.3011;-3.2082;6.1317
835;3.1584;3.3382;0.0000;0.2683;-3.1667;7.0416
836;3.3990;3.3378;0.0000;0.3015;-3.1619;7.1732
837;3.6393;3.3369;0.0000;0.3429;-3.1274;7.0424
838;3.8764;3.3357;0.0000;0.4327;-3.1213;7.1185
839;4.1052;3.3370;0.0000;0.4893;-3.1403;6.6811
840;4.3064;3.3381;0.0000;0.7167;-3.1677;7.0367
841;-4.2693;3.1356;0.0000;0.3827;-3.4739;3.3193
842;-4.0302;3.1473;0.0000;0.2905;-3.3926;3.3088
843;-3.7937;3.1472;0.0000;0.2902;-3.3761;3.2563
844;-3.5545;3.1467;0.0000;0.3620;-3.4237;3.2935
845;-3.3131;3.1461;0.0000;0.3392;-3.5010;3.6430
846;-3.0706;3.1455;0.0000;0.3267;-3.5322;3.7139
847;-2.8281;3.1448;0.0000;0.3408;-3.4298;3.9602
848;-2.5864;3.1445;0.0000;0.2631;-3.3109;4.0017
849;-2.3434;3.1418;0.0000;0.2890;-3.2639;4.1295
850;2.3820;3.1573;0.0000;0.2873;-3.1913;4.7948
851;2.5813;3.1390;0.0000;0.3383;-3.1988;5.3500
852;2.8049;3.1348;0.0000;0.3428;-3.2022;5.8749
853;3.0393;3.1342;0.0000;0.2738;-3.2330;6.8653
854;3.2785;3.1341;0.0000;0.2935;-3.2598;7.5687
855;3.5196;3.1336;0.0000;0.3330;-3.2487;7.2301
856;3.7605;3.1328;0.0000;0.4010;-3.2411;7.4716
857;4.0008;3.1326;0.0000;0.4739;-3.2682;7.5809
858;4.2445;3.1289;0.0000;0.6478;-3.3027;7.3101
859;-4.3253;2.9172;0.0000;0.3954;-3.5135;3.3101
860;-4.1264;2.9432;0.0000;0.2871;-3.4975;3.3539
861;-3.9055;2.9442;0.0000;0.2807;-3.4797;3.7279
862;-3.6729;2.9436;0.0000;0.3630;-3.4434;3.6102
863;-3.4337;2.9429;0.0000;0.4083;-3.3969;3.8171
864;-3.1920;2.9425;0.0000;0.3654;-3.3978;4.0416
865;-2.9497;2.9419;0.0000;0.2857;-3.4098;4.2165
866;-2.7090;2.9412;0.0000;0.2801;-3.3910;4.1566
867;-2.4721;2.9425;0.0000;0.3297;-3.3231;4.1514
868;-2.2399;2.9528;0.0000;0.3933;-3.2983;4.4602
869;2.4404;2.9415;0.0000;0.2645;-3.1857;4.8998
870;2.6798;2.9319;0.0000;0.3036;-3.2401;5.7760
871;2.9176;2.9305;0.0000;0.2907;-3.2722;6.5687
872;3.1571;2.9304;0.0000;0.3105;-3.2908;7.1159
873;3.3983;2.9303;0.0000;0.3480;-3.3175;7.4532
874;3.6388;2.9298;0.0000;0.3707;-3.3365;7.7935
875;3.8753;2.9293;0.0000;0.4364;-3.3407;8.0350
876;4.1014;2.9282;0.0000;0.4691;-3.3564;7.9541
877;4.3041;2.9159;0.0000;0.7118;-3.3894;7.8591
878;-4.2458;2.7395;0.0000;0.3911;-3.5740;3.4746
879;-4.0208;2.7399;0.0000;0.2800;-3.5744;3.4816
880;-3.7907;2.7397;0.0000;0.2947;-3.5079;3.8447
881;-3.5541;2.7394;0.0000;0.4015;-3.4452;3.6973
882;-3.3134;2.7389;0.0000;0.4319;-3.4427;3.8390
883;-3.0708;2.7385;0.0000;0.3707;-3.4539;4.2651
884;-2.8283;2.7379;0.0000;0.2455;-3.4568;4.4532
885;-2.5862;2.7387;0.0000;0.3043;-3.3951;4.6579
886;-2.3405;2.7498;0.0000;0.4352;-3.3457;4.4414
887;2.3751;2.7352;0.0000;0.2821;-3.3085;4.6986
888;2.5750;2.7293;0.0000;0.2683;-3.3169;5.2935
889;2.8017;2.7276;0.0000;0.2922;-3.3152;6.0039
890;3.0375;2.7269;0.0000;0.3097;-3.2953;7.2480
891;3.2775;2.7267;0.0000;0.3508;-3.2880;7.5350
892;3.5187;2.7264;0.0000;0.3427;-3.3060;7.5709
893;3.7585;2.7256;0.0000;0.3709;-3.3495;8.3920
894;3.9949;2.7245;0.0000;0.4234;-3.3893;8.0241
895;4.2304;2.7212;0.0000;0.5973;-3.4353;8.1553
896;-4.3235;2.5607;0.0000;0.4354;-3.5666;3.6759
897;-4.1250;2.5370;0.0000;0.2879;-3.6042;3.7773
898;-3.9052;2.5358;0.0000;0.2650;-3.6347;3.6990
899;-3.6733;2.5357;0.0000;0.3041;-3.6547;3.9479
900;-3.4347;2.5357;0.0000;0.4273;-3.6867;3.8968
901;-3.1929;2.5355;0.0000;0.4920;-3.6949;3.8381
902;-2.9501;2.5350;0.0000;0.3610;-3.6331;4.1194
903;-2.7091;2.5340;0.0000;0.2245;-3.5518;4.5477
904;-2.4743;2.5375;0.0000;0.2998;-3.5437;4.5297
905;-2.2601;2.5631;0.0000;0.4553;-3.5299;4.4466
906;2.4404;2.5212;0.0000;0.3017;-3.4134;5.1164
907;2.6796;2.5246;0.0000;0.2956;-3.3854;5.8290
908;2.9172;2.5238;0.0000;0.3494;-3.3998;6.6824
909;3.1568;2.5232;0.0000;0.3517;-3.3938;7.6299
910;3.3979;2.5229;0.0000;0.3279;-3.3579;8.1798
911;3.6384;2.5223;0.0000;0.3070;-3.3814;8.1715
912;3.8753;2.5216;0.0000;0.3467;-3.4418;7.7835
913;4.1055;2.5220;0.0000;0.4154;-3.4990;7.7997
914;4.3270;2.5263;0.0000;0.7297;-3.5441;7.7301
915;-4.2671;2.3454;0.0000;0.3373;-3.5707;3.8136
916;-4.0298;2.3336;0.0000;0.3189;-3.5696;3.6671
917;-3.7944;2.3328;0.0000;0.2528;-3.6469;3.8246
918;-3.5563;2.3331;0.0000;0.3579;-3.7409;4.1929
919;-3.3148;2.3330;0.0000;0.5039;-3.7153;4.2437
920;-3.0712;2.3325;0.0000;0.4400;-3.6227;4.1089
921;-2.8266;2.3314;0.0000;0.2816;-3.6366;4.2437
922;-2.5789;2.3318;0.0000;0.2225;-3.6752;4.4567
923;-2.3218;2.3443;0.0000;0.3911;-3.6357;4.1947
924;2.3864;2.3063;0.0000;0.3225;-3.5184;4.6251
925;2.5827;2.3201;0.0000;0.2830;-3.5183;5.0472
926;2.8047;2.3209;0.0000;0.3492;-3.5368;6.3644
927;3.0385;2.3203;0.0000;0.3444;-3.5457;6.9090
928;3.2775;2.3197;0.0000;0.3240;-3.5255;7.4059
929;3.5184;2.3191;0.0000;0.3317;-3.5066;7.2301
930;3.7582;2.3185;0.0000;0.3104;-3.4976;6.6448
931;3.9950;2.3187;0.0000;0.3471;-3.4982;6.8167
932;4.2316;2.3263;0.0000;0.5976;-3.5208;7.2983
933;-4.3304;2.1357;0.0000;0.3304;-3.4900;3.8832
934;-4.1346;2.1334;0.0000;0.3067;-3.4712;3.8145
935;-3.9103;2.1304;0.0000;0.2854;-3.4894;3.8132
936;-3.6760;2.1301;0.0000;0.3126;-3.5023;4.2082
937;-3.4364;2.1302;0.0000;0.4389;-3.4801;4.2603
938;-3.1940;2.1296;0.0000;0.4454;-3.4492;4.1540
939;-2.9504;2.1290;0.0000;0.3427;-3.5088;3.8863
940;-2.7063;2.1288;0.0000;0.2850;-3.6022;3.9423
941;-2.4653;2.1301;0.0000;0.2513;-3.5844;4.5346
942;-2.2479;2.1345;0.0000;0.4191;-3.5187;4.7625
943;2.4580;2.1119;0.0000;0.2874;-3.5430;4.3841
944;2.6872;2.1169;0.0000;0.3139;-3.5858;5.6378
945;2.9197;2.1171;0.0000;0.3231;-3.5928;6.7673
946;3.1570;2.1167;0.0000;0.3227;-3.5918;7.1890
947;3.3974;2.1162;0.0000;0.3570;-3.5843;7.1120
948;3.6379;2.1154;0.0000;0.3532;-3.5460;6.8753
949;3.8748;2.1144;0.0000;0.3544;-3.5099;7.3355
950;4.1026;2.1163;0.0000;0.4085;-3.4698;7.3206
951;4.3076;2.1354;0.0000;0.7436;-3.4408;7.3526
952;-4.2694;1.9278;0.0000;0.3209;-3.3613;4.2612
953;-4.0329;1.9285;0.0000;0.2645;-3.3784;4.1251
954;-3.7970;1.9272;0.0000;0.2965;-3.3630;3.9746
955;-3.5579;1.9268;0.0000;0.4461;-3.3804;4.1374
956;-3.3161;1.9264;0.0000;0.4743;-3.4065;4.3053
957;-3.0723;1.9260;0.0000;0.3796;-3.4029;4.0039
958;-2.8268;1.9259;0.0000;0.3524;-3.3793;3.9703
959;-2.5765;1.9261;0.0000;0.3007;-3.4052;4.0612
960;-2.3155;1.9218;0.0000;0.3389;-3.3981;4.5621
961;2.3678;1.9131;0.0000;0.2937;-3.4448;4.4685
962;2.5805;1.9145;0.0000;0.2983;-3.5003;5.1522
963;2.8048;1.9138;0.0000;0.3414;-3.5293;5.6605
964;3.0382;1.9136;0.0000;0.3369;-3.5512;6.4703
965;3.2770;1.9134;0.0000;0.3261;-3.5829;6.9366
966;3.5182;1.9127;0.0000;0.3389;-3.5750;7.1286
967;3.7598;1.9117;0.0000;0.3968;-3.5444;6.5249
968;4.0022;1.9114;0.0000;0.4359;-3.5155;7.2550
969;4.2505;1.9186;0.0000;0.6338;-3.4418;7.8920
970;-4.3243;1.7170;0.0000;0.3044;-3.4611;4.5534
971;-4.1299;1.7254;0.0000;0.2853;-3.4015;4.1640
972;-3.9097;1.7244;0.0000;0.2584;-3.3924;4.2997
973;-3.6770;1.7235;0.0000;0.4112;-3.4263;4.4392
974;-3.4376;1.7234;0.0000;0.5062;-3.4594;4.3924
975;-3.1952;1.7229;0.0000;0.4665;-3.4237;4.2970
976;-2.9516;1.7224;0.0000;0.3465;-3.3499;4.1916
977;-2.7082;1.7224;0.0000;0.3470;-3.2976;4.1592
978;-2.4689;1.7213;0.0000;0.3192;-3.2770;4.1815
979;-2.2480;1.7043;0.0000;0.3397;-3.3097;4.7087
980;2.4597;1.7167;0.0000;0.2802;-3.3759;5.3478
981;2.6875;1.7110;0.0000;0.3675;-3.4045;5.6829
982;2.9195;1.7101;0.0000;0.4185;-3.4576;5.9790
983;3.1569;1.7102;0.0000;0.3384;-3.5038;7.1640
984;3.3970;1.7100;0.0000;0.2704;-3.5164;7.3570
985;3.6381;1.7093;0.0000;0.3596;-3.5064;7.4466
986;3.8777;1.7086;0.0000;0.4336;-3.4833;7.2708
987;4.1109;1.7082;0.0000;0.4541;-3.4527;7.8727
988;4.3189;1.7052;0.0000;0.7234;-3.4278;7.8937
989;-4.2541;1.5201;0.0000;0.3108;-3.5517;4.5136
990;-4.0269;1.5209;0.0000;0.3223;-3.5557;4.2756
991;-3.7958;1.5203;0.0000;0.3387;-3.5809;4.5472
992;-3.5586;1.5201;0.0000;0.4716;-3.5553;4.7126
993;-3.3175;1.5197;0.0000;0.4861;-3.5062;4.7598
994;-3.0742;1.5190;0.0000;0.3898;-3.4678;4.4283
995;-2.8299;1.5186;0.0000;0.3268;-3.4070;4.5197
996;-2.5838;1.5173;0.0000;0.3437;-3.3802;4.5556
997;-2.3328;1.5122;0.0000;0.3433;-3.4053;4.5713
998;2.3887;1.5212;0.0000;0.2476;-3.4228;4.7778
999;2.5835;1.5083;0.0000;0.3294;-3.4469;5.1999
1000;2.8045;1.5062;0.0000;0.4492;-3.4519;6.4908
1001;3.0377;1.5066;0.0000;0.4119;-3.4559;6.5420
1002;3.2764;1.5067;0.0000;0.2631;-3.4424;7.6605
1003;3.5175;1.5064;0.0000;0.2971;-3.4418;8.0057
1004;3.7595;1.5058;0.0000;0.3780;-3.4658;7.3675
1005;4.0025;1.5049;0.0000;0.4273;-3.4750;7.3854
1006;4.2513;1.4965;0.0000;0.6507;-3.4747;7.8136
1007;-4.3416;1.3247;0.0000;0.3461;-3.5562;4.7200
1008;-4.1324;1.3199;0.0000;0.3623;-3.6109;4.5157
1009;-3.9102;1.3175;0.0000;0.2471;-3.6931;4.5442
1010;-3.6779;1.3171;0.0000;0.3767;-3.6756;4.6632
1011;-3.4391;1.3168;0.0000;0.4838;-3.5954;4.6877
1012;-3.1969;1.3163;0.0000;0.4555;-3.5683;4.7528
1013;-2.9534;1.3155;0.0000;0.3583;-3.5267;4.6356
1014;-2.7095;1.3151;0.0000;0.3301;-3.5122;4.7152
1015;-2.4660;1.3143;0.0000;0.3177;-3.5559;4.9191
1016;-2.2260;1.3180;0.0000;0.3720;-3.5211;4.7795
1017;2.4451;1.3089;0.0000;0.2563;-3.5434;4.7752
1018;2.6806;1.3037;0.0000;0.3692;-3.5401;6.0017
1019;2.9164;1.3032;0.0000;0.4232;-3.5224;6.3154
1020;3.1551;1.3033;0.0000;0.3466;-3.4835;7.0437
1021;3.3957;1.3032;0.0000;0.3010;-3.4672;7.7052
1022;3.6367;1.3028;0.0000;0.3364;-3.5085;7.9755
1023;3.8748;1.3022;0.0000;0.3649;-3.5701;7.7603
1024;4.1047;1.2991;0.0000;0.4353;-3.5806;7.8710
1025;4.3130;1.2803;0.0000;0.7003;-3.5606;7.9086
1026;-4.2516;1.1238;0.0000;0.4106;-3.5869;4.8889
1027;-4.0261;1.1156;0.0000;0.2702;-3.6718;4.6549
1028;-3.7964;1.1143;0.0000;0.2517;-3.7007;4.6820
1029;-3.5599;1.1138;0.0000;0.4238;-3.6425;4.6352
1030;-3.3191;1.1134;0.0000;0.4560;-3.6220;4.5875
1031;-3.0761;1.1128;0.0000;0.4481;-3.6387;4.9790
1032;-2.8317;1.1127;0.0000;0.3898;-3.6486;4.8762
1033;-2.5853;1.1143;0.0000;0.3134;-3.6929;5.1951
1034;-2.3308;1.1183;0.0000;0.3287;-3.7064;4.7205
1035;2.3842;1.1025;0.0000;0.2510;-3.4895;4.7126
1036;2.5785;1.1005;0.0000;0.3430;-3.4724;5.5385
1037;2.8018;1.1008;0.0000;0.4260;-3.4988;6.4156
1038;3.0358;1.1004;0.0000;0.4189;-3.5098;6.8819
1039;3.2750;1.1001;0.0000;0.3532;-3.5083;7.5223
1040;3.5163;1.0997;0.0000;0.3396;-3.5404;8.1430
1041;3.7572;1.0991;0.0000;0.3514;-3.5757;7.9493
1042;3.9966;1.0972;0.0000;0.3641;-3.5814;7.8329
1043;4.2371;1.0894;0.0000;0.5304;-3.5738;7.7507
1044;-4.3198;0.9299;0.0000;0.3972;-3.6062;5.0840
1045;-4.1284;0.9143;0.0000;0.3795;-3.6363;4.5941
1046;-3.9102;0.9111;0.0000;0.2918;-3.5735;4.6654
1047;-3.6787;0.9108;0.0000;0.3499;-3.5582;4.5936
1048;-3.4404;0.9105;0.0000;0.4199;-3.6061;4.4256
1049;-3.1988;0.9103;0.0000;0.4349;-3.6505;4.9248
1050;-2.9561;0.9100;0.0000;0.4157;-3.6947;5.0770
1051;-2.7154;0.9114;0.0000;0.3514;-3.6996;4.9051
1052;-2.4796;0.9170;0.0000;0.3089;-3.7413;4.5822
1053;-2.2539;0.9227;0.0000;0.3181;-3.7634;4.6102
1054;2.4473;0.8907;0.0000;0.2816;-3.4197;4.8946
1055;2.6818;0.8981;0.0000;0.4216;-3.4232;5.6413
1056;2.9164;0.8977;0.0000;0.4990;-3.4354;6.3583
1057;3.1545;0.8971;0.0000;0.4356;-3.4298;7.1789
1058;3.3951;0.8967;0.0000;0.3222;-3.4558;8.1899
1059;3.6361;0.8962;0.0000;0.3582;-3.4967;8.3723
1060;3.8755;0.8951;0.0000;0.3841;-3.4934;8.0162
1061;4.1100;0.8932;0.0000;0.3412;-3.4945;7.8718
1062;4.3380;0.8907;0.0000;0.5901;-3.5435;7.6063
1063;-4.2652;0.7163;0.0000;0.4272;-3.5862;5.1470
1064;-4.0327;0.7087;0.0000;0.3983;-3.5133;4.7642
1065;-3.7991;0.7074;0.0000;0.2844;-3.4678;4.7257
1066;-3.5616;0.7075;0.0000;0.3780;-3.5016;4.6881
1067;-3.3206;0.7072;0.0000;0.4183;-3.5058;5.0980
1068;-3.0786;0.7069;0.0000;0.3885;-3.5404;5.0254
1069;-2.8383;0.7069;0.0000;0.3706;-3.6159;4.7450
1070;-2.6050;0.7082;0.0000;0.3434;-3.5956;4.7905
1071;-2.3890;0.7107;0.0000;0.2731;-3.5399;4.8438
1072;-2.2037;0.7111;0.0000;0.2443;-3.5661;4.7813
1073;2.3952;0.6750;0.0000;0.2946;-3.5082;5.2248
1074;2.5885;0.6950;0.0000;0.3553;-3.4712;5.1242
1075;2.8057;0.6948;0.0000;0.5050;-3.4526;5.4838
1076;3.0368;0.6939;0.0000;0.5306;-3.4620;6.2003
1077;3.2750;0.6934;0.0000;0.3762;-3.4775;7.8023
1078;3.5156;0.6930;0.0000;0.3402;-3.5086;8.2349
1079;3.7569;0.6923;0.0000;0.4114;-3.5217;8.1124
1080;3.9973;0.6913;0.0000;0.3367;-3.5068;7.7616
1081;4.2393;0.6950;0.0000;0.4419;-3.5101;8.0311
1082;-4.3231;0.5084;0.0000;0.5275;-3.4304;5.3071
1083;-4.1330;0.5063;0.0000;0.4160;-3.4290;5.0770
1084;-3.9127;0.5047;0.0000;0.2621;-3.4461;5.0919
1085;-3.6805;0.5043;0.0000;0.2835;-3.4053;4.8710
1086;-3.4417;0.5040;0.0000;0.3835;-3.3929;4.8653
1087;-3.2002;0.5035;0.0000;0.3707;-3.4287;4.9510
1088;-2.9587;0.5032;0.0000;0.3265;-3.4577;4.8998
1089;-2.7201;0.5032;0.0000;0.3446;-3.4831;4.7778
1090;-2.4875;0.5028;0.0000;0.2926;-3.4516;4.8460
1091;-2.2591;0.5013;0.0000;0.2647;-3.4531;4.8241
1092;2.4723;0.4933;0.0000;0.3304;-3.5840;5.3893
1093;2.6924;0.4908;0.0000;0.4443;-3.5428;5.6579
1094;2.9198;0.4903;0.0000;0.5102;-3.5275;5.7690
1095;3.1551;0.4902;0.0000;0.4564;-3.5577;6.8263
1096;3.3946;0.4899;0.0000;0.3979;-3.5995;8.0857
1097;3.6357;0.4895;0.0000;0.4348;-3.6135;7.8031
1098;3.8752;0.4880;0.0000;0.3691;-3.5788;7.7065
1099;4.1076;0.4877;0.0000;0.2843;-3.5393;7.6772
1100;4.3187;0.5033;0.0000;0.5223;-3.5143;8.2170
1101;-4.2638;0.2983;0.0000;0.4588;-3.3621;5.1032
1102;-4.0327;0.3014;0.0000;0.2967;-3.3992;5.2275
1103;-3.7998;0.3010;0.0000;0.2901;-3.4514;5.0350
1104;-3.5623;0.3005;0.0000;0.3407;-3.4348;4.7135
1105;-3.3219;0.3003;0.0000;0.3576;-3.4648;4.7734
1106;-3.0801;0.2998;0.0000;0.3303;-3.5065;5.0328
1107;-2.8407;0.2993;0.0000;0.2654;-3.5112;4.9812
1108;-2.6083;0.2987;0.0000;0.2673;-3.5362;4.9353
1109;-2.3906;0.2956;0.0000;0.2712;-3.5933;5.0311
1110;-2.2020;0.2933;0.0000;0.3781;-3.6276;5.1190
1111;2.3980;0.3170;0.0000;0.3054;-3.6358;5.1465
1112;2.5906;0.2888;0.0000;0.4011;-3.6199;5.5245
1113;2.8066;0.2861;0.0000;0.4516;-3.6087;5.7419
1114;3.0364;0.2865;0.0000;0.4780;-3.5742;6.2122
1115;3.2741;0.2867;0.0000;0.5003;-3.5787;7.5717
1116;3.5155;0.2867;0.0000;0.4939;-3.5777;7.8596
1117;3.7589;0.2859;0.0000;0.3895;-3.5422;7.5954
1118;4.0046;0.2842;0.0000;0.2731;-3.5385;7.3998
1119;4.2586;0.2887;0.0000;0.4289;-3.5419;7.3850
1120;-4.3164;0.0854;0.0000;0.3960;-3.5406;5.0372
1121;-4.1275;0.0956;0.0000;0.2716;-3.5807;4.9908
1122;-3.9116;0.0970;0.0000;0.2760;-3.6178;5.3486
1123;-3.6805;0.0974;0.0000;0.3722;-3.6217;5.1164
1124;-3.4424;0.0971;0.0000;0.3483;-3.5898;4.8408
1125;-3.2014;0.0968;0.0000;0.3255;-3.6153;5.0306
1126;-2.9607;0.0963;0.0000;0.2142;-3.6756;4.8500
1127;-2.7236;0.0958;0.0000;0.2130;-3.6931;5.1325
1128;-2.4920;0.0945;0.0000;0.2961;-3.7106;4.9716
1129;-2.2615;0.0837;0.0000;0.4136;-3.7164;4.8430
1130;2.4522;0.0993;0.0000;0.3059;-3.6472;5.0529
1131;2.6835;0.0843;0.0000;0.4057;-3.6543;5.4523
1132;2.9158;0.0830;0.0000;0.4684;-3.6401;6.2813
1133;3.1528;0.0833;0.0000;0.5417;-3.6260;7.3753
1134;3.3937;0.0836;0.0000;0.5704;-3.5926;7.2822
1135;3.6361;0.0834;0.0000;0.4577;-3.5554;7.0188
1136;3.8779;0.0823;0.0000;0.2961;-3.5575;7.7948
1137;4.1154;0.0800;0.0000;0.2378;-3.5953;7.3657
1138;4.3290;0.0769;0.0000;0.5245;-3.6034;7.7017
1139;-4.2490;-0.1140;0.0000;0.3088;-3.7298;5.0503
1140;-4.0287;-0.1103;0.0000;0.2351;-3.7438;5.1960
1141;-3.7997;-0.1068;0.0000;0.2913;-3.6953;5.0486
1142;-3.5633;-0.1062;0.0000;0.3352;-3.7035;5.0678
1143;-3.3232;-0.1063;0.0000;0.3473;-3.7152;4.7454
1144;-3.0819;-0.1063;0.0000;0.2835;-3.7016;4.9812
1145;-2.8435;-0.1070;0.0000;0.2102;-3.7224;5.2152
1146;-2.6133;-0.1077;0.0000;0.2720;-3.7471;5.1041
1147;-2.3980;-0.1093;0.0000;0.3468;-3.7322;4.9733
1148;-2.2061;-0.1331;0.0000;0.4136;-3.6858;4.7253
1149;2.3917;-0.1099;0.0000;0.2514;-3.6556;4.7262
1150;2.5807;-0.1148;0.0000;0.3331;-3.7050;5.4108
1151;2.8005;-0.1197;0.0000;0.4703;-3.7200;5.6662
1152;3.0334;-0.1198;0.0000;0.5522;-3.7083;6.5639
1153;3.2723;-0.1195;0.0000;0.5714;-3.6824;7.1671
1154;3.5146;-0.1194;0.0000;0.5172;-3.6595;7.6019
1155;3.7583;-0.1198;0.0000;0.3658;-3.6893;7.5884
1156;4.0044;-0.1217;0.0000;0.2437;-3.7188;7.4506
1157;4.2583;-0.1338;0.0000;0.4415;-3.7188;7.7559
1158;-4.3309;-0.3167;0.0000;0.3724;-3.7849;5.4956
1159;-4.1377;-0.3224;0.0000;0.2806;-3.7765;5.1365
1160;-3.9170;-0.3134;0.0000;0.2279;-3.7517;5.2069
1161;-3.6838;-0.3100;0.0000;0.2748;-3.7828;4.7752
1162;-3.4448;-0.3091;0.0000;0.3101;-3.8270;4.9856
1163;-3.2034;-0.3092;0.0000;0.3060;-3.7773;4.7310
1164;-2.9629;-0.3099;0.0000;0.2560;-3.7080;4.6929
1165;-2.7270;-0.3108;0.0000;0.2966;-3.7370;5.0477
1166;-2.4998;-0.3119;0.0000;0.3393;-3.7532;4.6461
1167;-2.2803;-0.3123;0.0000;0.3712;-3.7182;4.4571
1168;2.4502;-0.3190;0.0000;0.2891;-3.6752;4.9532
1169;2.6791;-0.3218;0.0000;0.3715;-3.7270;5.3425
1170;2.9124;-0.3228;0.0000;0.5382;-3.7425;6.7922
1171;3.1508;-0.3225;0.0000;0.5769;-3.7427;7.1444
1172;3.3921;-0.3223;0.0000;0.5237;-3.7531;7.3136
1173;3.6343;-0.3223;0.0000;0.4164;-3.7436;7.7682
1174;3.8749;-0.3230;0.0000;0.2948;-3.7565;7.7126
1175;4.1090;-0.3284;0.0000;0.2258;-3.7635;7.8565
1176;4.3217;-0.3532;0.0000;0.5404;-3.7732;7.5394
1177;-4.2787;-0.5418;0.0000;0.3851;-3.7409;5.1059
1178;-4.0455;-0.5218;0.0000;0.2517;-3.7442;5.1010
1179;-3.8083;-0.5147;0.0000;0.2019;-3.7937;4.6229
1180;-3.5678;-0.5122;0.0000;0.2811;-3.8127;4.6693
1181;-3.3259;-0.5117;0.0000;0.3145;-3.7954;4.7830
1182;-3.0841;-0.5123;0.0000;0.2416;-3.7787;5.0836
1183;-2.8453;-0.5136;0.0000;0.3032;-3.7422;5.0796
1184;-2.6141;-0.5152;0.0000;0.3775;-3.7139;4.7629
1185;-2.3974;-0.5151;0.0000;0.3616;-3.7094;4.8294
1186;-2.2033;-0.4909;0.0000;0.3972;-3.7071;4.9611
1187;2.3920;-0.5269;0.0000;0.3220;-3.6166;4.1199
1188;2.5799;-0.5282;0.0000;0.3476;-3.6038;5.0079
1189;2.7977;-0.5272;0.0000;0.4763;-3.6060;5.8806
1190;3.0309;-0.5260;0.0000;0.6028;-3.6475;6.7012
1191;3.2707;-0.5252;0.0000;0.5360;-3.6847;7.6006
1192;3.5128;-0.5251;0.0000;0.4352;-3.6704;7.1938
1193;3.7556;-0.5258;0.0000;0.3240;-3.6275;7.6347
1194;3.9980;-0.5288;0.0000;0.2344;-3.6084;7.5792
1195;4.2436;-0.5410;0.0000;0.3918;-3.6083;7.9182
1196;-4.1887;-0.7228;0.0000;0.3683;-3.5972;4.9917
1197;-3.9375;-0.7186;0.0000;0.2119;-3.6114;5.1929
1198;-3.6928;-0.7152;0.0000;0.2281;-3.6311;4.7437
1199;-3.4491;-0.7144;0.0000;0.3384;-3.6128;4.3596
1200;-3.2056;-0.7147;0.0000;0.2855;-3.6404;4.8036
1201;-2.9641;-0.7156;0.0000;0.2347;-3.6928;5.1229
1202;-2.7256;-0.7173;0.0000;0.3266;-3.6736;5.1426
1203;-2.4912;-0.7180;0.0000;0.3531;-3.6320;5.0477
1204;-2.2560;-0.7069;0.0000;0.3968;-3.6397;5.0149
1205;2.4430;-0.7390;0.0000;0.3618;-3.5902;4.2253
1206;2.6704;-0.7359;0.0000;0.4428;-3.5431;5.2030
1207;2.9068;-0.7312;0.0000;0.5744;-3.5477;6.6199
1208;3.1478;-0.7291;0.0000;0.5868;-3.5682;6.9654
1209;3.3903;-0.7283;0.0000;0.4521;-3.5631;7.3460
1210;3.6332;-0.7286;0.0000;0.3460;-3.5439;7.3565
1211;3.8750;-0.7301;0.0000;0.2585;-3.5255;7.5372
1212;4.1138;-0.7344;0.0000;0.2522;-3.5271;7.4633
1213;4.3483;-0.7433;0.0000;0.4932;-3.5418;7.2318
1214;-4.2838;-0.9075;0.0000;0.3996;-3.5722;5.0166
1215;-4.0568;-0.9226;0.0000;0.2496;-3.5365;5.1325
1216;-3.8152;-0.9187;0.0000;0.2335;-3.4937;5.1929
1217;-3.5718;-0.9176;0.0000;0.2632;-3.5000;5.0122
1218;-3.3282;-0.9176;0.0000;0.2818;-3.5192;4.9532
1219;-3.0854;-0.9181;0.0000;0.2575;-3.5342;5.2909
1220;-2.8450;-0.9192;0.0000;0.2865;-3.5258;5.1325
1221;-2.6101;-0.9205;0.0000;0.3094;-3.5293;5.1400
1222;-2.3864;-0.9189;0.0000;0.3566;-3.5720;5.1199
1223;-2.1913;-0.9165;0.0000;0.3925;-3.6043;5.2826
1224;2.5189;-0.9366;0.0000;0.4026;-3.5844;4.6500
1225;2.7746;-0.9346;0.0000;0.4986;-3.6058;5.8333
1226;3.0218;-0.9325;0.0000;0.5937;-3.6278;6.5722
1227;3.2667;-0.9316;0.0000;0.5061;-3.6300;7.1054
1228;3.5109;-0.9315;0.0000;0.3750;-3.6189;6.7073
1229;3.7545;-0.9324;0.0000;0.2867;-3.5898;6.6072
1230;3.9985;-0.9346;0.0000;0.2766;-3.5783;7.6308
1231;4.2466;-0.9347;0.0000;0.3954;-3.5904;7.3618
1232;-4.2122;-1.1224;0.0000;0.2916;-3.5702;5.0976
1233;-3.9476;-1.1207;0.0000;0.2297;-3.5237;4.9147
1234;-3.6973;-1.1201;0.0000;0.2594;-3.5201;4.9269
1235;-3.4516;-1.1203;0.0000;0.2496;-3.5652;5.2108
1236;-3.2076;-1.1208;0.0000;0.2617;-3.5547;4.6557
1237;-2.9648;-1.1217;0.0000;0.2984;-3.5002;5.2861
1238;-2.7247;-1.1228;0.0000;0.2836;-3.4978;5.1894
1239;-2.4876;-1.1228;0.0000;0.3467;-3.5377;4.9458
1240;-2.2498;-1.1244;0.0000;0.4107;-3.5850;5.0442
1241;2.4130;-1.1353;0.0000;0.3640;-3.5489;4.5652
1242;2.6533;-1.1340;0.0000;0.4257;-3.5532;5.4685
1243;2.8981;-1.1346;0.0000;0.5456;-3.6099;6.4195
1244;3.1433;-1.1342;0.0000;0.5461;-3.6711;7.2200
1245;3.3878;-1.1341;0.0000;0.4526;-3.6925;6.7301
1246;3.6317;-1.1348;0.0000;0.3375;-3.6901;6.5232
1247;3.8742;-1.1365;0.0000;0.2873;-3.6656;6.8530
1248;4.1126;-1.1396;0.0000;0.2831;-3.6319;7.7253
1249;4.3319;-1.1272;0.0000;0.5080;-3.6024;7.5350
1250;-4.2777;-1.3366;0.0000;0.3081;-3.5296;5.3556
1251;-4.0567;-1.3212;0.0000;0.1937;-3.5442;5.0074
1252;-3.8168;-1.3221;0.0000;0.2660;-3.5730;4.6374
1253;-3.5734;-1.3229;0.0000;0.2951;-3.5646;4.8403
1254;-3.3295;-1.3234;0.0000;0.2702;-3.5346;4.7240
1255;-3.0866;-1.3243;0.0000;0.2750;-3.5020;4.6282
1256;-2.8459;-1.3252;0.0000;0.3061;-3.5133;4.9768
1257;-2.6111;-1.3256;0.0000;0.3522;-3.5255;4.8381
1258;-2.3889;-1.3260;0.0000;0.4271;-3.5207;4.9322
1259;-2.1919;-1.3349;0.0000;0.3896;-3.5488;5.0621
1260;2.5202;-1.3312;0.0000;0.3684;-3.4945;5.1868
1261;2.7720;-1.3364;0.0000;0.4858;-3.4772;6.1019
1262;3.0191;-1.3368;0.0000;0.5293;-3.5332;6.7940
1263;3.2647;-1.3367;0.0000;0.5005;-3.6074;7.1877
1264;3.5099;-1.3370;0.0000;0.4265;-3.6499;7.1737
1265;3.7556;-1.3379;0.0000;0.2948;-3.6765;6.7205
1266;4.0050;-1.3393;0.0000;0.2435;-3.6617;7.4668
1267;4.2678;-1.3414;0.0000;0.4795;-3.6063;7.6234
1268;-4.1915;-1.5276;0.0000;0.3030;-3.5392;5.3972
1269;-3.9417;-1.5248;0.0000;0.1994;-3.5372;4.9169
1270;-3.6965;-1.5254;0.0000;0.2669;-3.5591;4.9024
1271;-3.4521;-1.5263;0.0000;0.3091;-3.5326;4.7966
1272;-3.2083;-1.5272;0.0000;0.3019;-3.4747;4.6977
1273;-2.9659;-1.5282;0.0000;0.3336;-3.4686;4.5827
1274;-2.7267;-1.5290;0.0000;0.3463;-3.4800;4.6015
1275;-2.4930;-1.5299;0.0000;0.3860;-3.4932;5.0805
1276;-2.2625;-1.5315;0.0000;0.3756;-3.4719;5.4996
1277;2.4354;-1.5215;0.0000;0.3865;-3.5250;4.7362
1278;2.6572;-1.5397;0.0000;0.4757;-3.5558;5.5328
1279;2.8978;-1.5405;0.0000;0.5213;-3.5685;5.7734
1280;3.1420;-1.5400;0.0000;0.4498;-3.5768;7.0004
1281;3.3865;-1.5398;0.0000;0.4595;-3.6274;7.2590
1282;3.6312;-1.5402;0.0000;0.3883;-3.7172;7.4370
1283;3.8747;-1.5408;0.0000;0.2423;-3.7454;7.2493
1284;4.1144;-1.5406;0.0000;0.2551;-3.6943;6.7432
1285;4.3368;-1.5588;0.0000;0.6011;-3.6532;7.2852
1286;-4.2952;-1.7201;0.0000;0.3732;-3.5051;5.2262
1287;-4.0578;-1.7262;0.0000;0.2650;-3.5263;4.8718
1288;-3.8170;-1.7281;0.0000;0.2054;-3.5266;4.9689
1289;-3.5740;-1.7290;0.0000;0.2752;-3.4991;5.0227
1290;-3.3303;-1.7300;0.0000;0.3345;-3.4648;4.8215
1291;-3.0872;-1.7310;0.0000;0.3851;-3.4831;4.4370
1292;-2.8462;-1.7320;0.0000;0.3693;-3.4861;4.5661
1293;-2.6107;-1.7328;0.0000;0.3585;-3.4293;4.7340
1294;-2.3843;-1.7319;0.0000;0.3492;-3.3807;5.1295
1295;-2.1692;-1.7253;0.0000;0.3475;-3.3538;5.2362
1296;2.5025;-1.7389;0.0000;0.4348;-3.5595;4.4965
1297;2.7651;-1.7433;0.0000;0.4902;-3.6446;5.7725
1298;3.0162;-1.7429;0.0000;0.4416;-3.6729;6.0560
1299;3.2628;-1.7428;0.0000;0.4217;-3.6620;6.8762
1300;3.5084;-1.7427;0.0000;0.4749;-3.6751;7.0328
1301;3.7540;-1.7432;0.0000;0.3514;-3.7274;5.8097
1302;4.0002;-1.7447;0.0000;0.2321;-3.7562;6.8263
1303;4.2495;-1.7470;0.0000;0.4311;-3.7149;7.0136
1304;-4.1895;-1.9201;0.0000;0.3420;-3.4668;5.2310
1305;-3.9407;-1.9298;0.0000;0.2569;-3.4950;4.6658
1306;-3.6966;-1.9319;0.0000;0.2161;-3.4703;5.0884
1307;-3.4529;-1.9330;0.0000;0.3287;-3.4344;4.5127
1308;-3.2091;-1.9340;0.0000;0.4250;-3.4417;4.4204
1309;-2.9663;-1.9348;0.0000;0.4010;-3.4137;4.7857
1310;-2.7270;-1.9359;0.0000;0.3137;-3.3502;4.8819
1311;-2.4926;-1.9360;0.0000;0.3266;-3.3057;5.1019
1312;-2.2608;-1.9278;0.0000;0.3882;-3.3027;4.9882
1313;2.4334;-1.9515;0.0000;0.4190;-3.5567;4.2476
1314;2.6523;-1.9474;0.0000;0.4244;-3.5818;4.9790
1315;2.8950;-1.9455;0.0000;0.4455;-3.6240;5.5599
1316;3.1402;-1.9453;0.0000;0.4101;-3.6453;6.5262
1317;3.3853;-1.9455;0.0000;0.4831;-3.6118;6.3465
1318;3.6307;-1.9460;0.0000;0.4568;-3.5638;5.9532
1319;3.8761;-1.9470;0.0000;0.3178;-3.6011;6.7332
1320;4.1201;-1.9498;0.0000;0.2537;-3.6749;7.0372
1321;4.3552;-1.9371;0.0000;0.5645;-3.6701;7.8220
1322;-4.2697;-2.1079;0.0000;0.3029;-3.3464;5.1251
1323;-4.0531;-2.1311;0.0000;0.3468;-3.3356;4.4882
1324;-3.8164;-2.1352;0.0000;0.2797;-3.2874;4.8574
1325;-3.5746;-2.1362;0.0000;0.3244;-3.2831;4.7874
1326;-3.3311;-2.1370;0.0000;0.3840;-3.3024;4.4886
1327;-3.0880;-2.1379;0.0000;0.4009;-3.2663;4.6636
1328;-2.8470;-2.1394;0.0000;0.3144;-3.2074;4.8128
1329;-2.6117;-2.1407;0.0000;0.2798;-3.2097;5.0910
1330;-2.3876;-2.1385;0.0000;0.3537;-3.2443;5.0315
1331;-2.1876;-2.1190;0.0000;0.4220;-3.2685;5.2192
1332;2.5075;-2.1621;0.0000;0.3815;-3.5954;5.2003
1333;2.7666;-2.1493;0.0000;0.4241;-3.6072;5.7817
1334;3.0161;-2.1481;0.0000;0.4507;-3.6268;6.1190
1335;3.2623;-2.1483;0.0000;0.4758;-3.6301;6.7498
1336;3.5082;-2.1488;0.0000;0.4793;-3.6030;6.4751
1337;3.7547;-2.1493;0.0000;0.3850;-3.5753;6.0556
1338;4.0044;-2.1509;0.0000;0.3009;-3.5858;6.8933
1339;4.2620;-2.1535;0.0000;0.4433;-3.6316;7.5035
1340;-4.2050;-2.3266;0.0000;0.2860;-3.2247;5.1715
1341;-3.9476;-2.3380;0.0000;0.3097;-3.2143;4.2135
1342;-3.6994;-2.3398;0.0000;0.3671;-3.1624;4.7808
1343;-3.4541;-2.3406;0.0000;0.3805;-3.1643;4.3097
1344;-3.2100;-2.3415;0.0000;0.3514;-3.2107;4.6168
1345;-2.9668;-2.3427;0.0000;0.3568;-3.2430;4.8871
1346;-2.7257;-2.3442;0.0000;0.3198;-3.2529;4.6960
1347;-2.4860;-2.3445;0.0000;0.3391;-3.2759;5.1203
1348;-2.2427;-2.3364;0.0000;0.3834;-3.2575;5.2332
1349;2.4446;-2.3818;0.0000;0.3586;-3.5907;4.2367
1350;2.6612;-2.3562;0.0000;0.3897;-3.5989;5.4108
1351;2.8984;-2.3514;0.0000;0.4865;-3.6115;6.0626
1352;3.1412;-2.3511;0.0000;0.4877;-3.6328;6.5280
1353;3.3855;-2.3514;0.0000;0.4621;-3.6478;7.0547
1354;3.6305;-2.3517;0.0000;0.4192;-3.6376;7.3066
1355;3.8766;-2.3519;0.0000;0.3671;-3.5922;7.5748
1356;4.1231;-2.3544;0.0000;0.3134;-3.5615;7.5604
1357;4.3591;-2.3737;0.0000;0.5629;-3.5961;8.1234
1358;-4.2773;-2.5389;0.0000;0.3006;-3.2609;5.2170
1359;-4.0604;-2.5406;0.0000;0.2521;-3.2639;5.0249
1360;-3.8201;-2.5426;0.0000;0.3461;-3.2664;4.7463
1361;-3.5761;-2.5441;0.0000;0.4055;-3.2624;4.6899
1362;-3.3320;-2.5448;0.0000;0.3411;-3.2869;4.4444
1363;-3.0886;-2.5456;0.0000;0.3473;-3.3442;4.7288
1364;-2.8465;-2.5469;0.0000;0.3780;-3.4137;4.6094
1365;-2.6082;-2.5478;0.0000;0.3537;-3.4421;4.7795
1366;-2.3786;-2.5474;0.0000;0.3635;-3.4471;5.0468
1367;-2.1752;-2.5489;0.0000;0.3760;-3.4334;5.1907
1368;2.5263;-2.5689;0.0000;0.3626;-3.5884;4.6614
1369;2.7744;-2.5571;0.0000;0.4511;-3.5775;6.2647
1370;3.0188;-2.5547;0.0000;0.4826;-3.5786;6.2275
1371;3.2630;-2.5544;0.0000;0.4290;-3.5820;6.6662
1372;3.5075;-2.5544;0.0000;0.4210;-3.5839;7.6894
1373;3.7530;-2.5540;0.0000;0.4030;-3.5596;7.8600
1374;4.0007;-2.5537;0.0000;0.3547;-3.5150;7.7787
1375;4.2560;-2.5625;0.0000;0.4543;-3.5048;7.5560
1376;-4.2039;-2.7517;0.0000;0.3265;-3.3706;5.1387
1377;-3.9473;-2.7453;0.0000;0.2771;-3.3452;4.9755
1378;-3.6996;-2.7467;0.0000;0.3407;-3.3673;4.5805
1379;-3.4545;-2.7479;0.0000;0.3752;-3.4293;4.4156
1380;-3.2103;-2.7488;0.0000;0.3175;-3.4455;4.8075
1381;-2.9670;-2.7494;0.0000;0.3358;-3.4553;4.8119
1382;-2.7251;-2.7503;0.0000;0.3347;-3.4862;4.4921
1383;-2.4841;-2.7510;0.0000;0.3833;-3.4823;4.6750
1384;-2.2393;-2.7570;0.0000;0.4120;-3.4672;4.9178
1385;2.4228;-2.7702;0.0000;0.3304;-3.4360;4.0713
1386;2.6583;-2.7620;0.0000;0.3998;-3.4667;5.4143
1387;2.8985;-2.7587;0.0000;0.4730;-3.4939;6.5923
1388;3.1411;-2.7578;0.0000;0.4111;-3.4901;6.7231
1389;3.3845;-2.7577;0.0000;0.3944;-3.4765;7.6881
1390;3.6279;-2.7573;0.0000;0.4178;-3.4772;8.0538
1391;3.8692;-2.7560;0.0000;0.3933;-3.4657;8.0547
1392;4.1053;-2.7557;0.0000;0.3824;-3.4578;7.9353
1393;4.3327;-2.7644;0.0000;0.5413;-3.4564;7.6457
1394;-4.2651;-2.9688;0.0000;0.3252;-3.3946;4.9449
1395;-4.0509;-2.9503;0.0000;0.2943;-3.3828;4.8018
1396;-3.8161;-2.9496;0.0000;0.3141;-3.3749;5.0433
1397;-3.5750;-2.9507;0.0000;0.3650;-3.4199;4.8605
1398;-3.3319;-2.9515;0.0000;0.3258;-3.4549;4.7843
1399;-3.0890;-2.9523;0.0000;0.2760;-3.4148;4.8185
1400;-2.8474;-2.9532;0.0000;0.2804;-3.3740;5.0140
1401;-2.6104;-2.9539;0.0000;0.3271;-3.3923;4.5468
1402;-2.3831;-2.9561;0.0000;0.4768;-3.3952;4.7082
1403;-2.1783;-2.9714;0.0000;0.4296;-3.3720;4.7152
1404;2.5268;-2.9624;0.0000;0.3392;-3.2829;4.3228
1405;2.7745;-2.9630;0.0000;0.4601;-3.3465;5.5796
1406;3.0186;-2.9616;0.0000;0.4168;-3.3769;6.6483
1407;3.2621;-2.9613;0.0000;0.4085;-3.3808;7.5162
1408;3.5053;-2.9612;0.0000;0.4413;-3.3683;7.8766
1409;3.7459;-2.9608;0.0000;0.4091;-3.3885;7.5560
1410;3.9785;-2.9608;0.0000;0.3671;-3.4356;7.7327
1411;4.1951;-2.9658;0.0000;0.3912;-3.4548;8.4921
1412;4.3824;-2.9735;0.0000;0.6383;-3.4456;7.7047
1413;-4.1842;-3.1598;0.0000;0.2919;-3.4142;4.9751
1414;-3.9391;-3.1542;0.0000;0.3027;-3.4307;4.9243
1415;-3.6966;-3.1542;0.0000;0.3810;-3.4269;4.8325
1416;-3.4535;-3.1548;0.0000;0.3861;-3.4105;4.5731
1417;-3.2102;-3.1556;0.0000;0.2969;-3.4016;4.6689
1418;-2.9676;-3.1566;0.0000;0.2825;-3.3830;5.0402
1419;-2.7269;-3.1576;0.0000;0.2538;-3.3635;5.0796
1420;-2.4894;-3.1593;0.0000;0.4078;-3.3702;5.1185
1421;-2.2516;-3.1647;0.0000;0.4614;-3.3896;4.6597
1422;2.4438;-3.1560;0.0000;0.2769;-3.3815;3.8093
1423;2.6615;-3.1681;0.0000;0.4496;-3.4232;4.3145
1424;2.8990;-3.1661;0.0000;0.4301;-3.4163;5.6794
1425;3.1406;-3.1651;0.0000;0.3829;-3.3839;6.9007
1426;3.3835;-3.1651;0.0000;0.4543;-3.3591;7.1942
1427;3.6256;-3.1652;0.0000;0.4550;-3.3645;7.1527
1428;3.8635;-3.1652;0.0000;0.3943;-3.4128;7.7852
1429;4.0942;-3.1669;0.0000;0.3627;-3.4697;7.6352
1430;4.3223;-3.1777;0.0000;0.5859;-3.4923;7.7957
1431;-4.2852;-3.3567;0.0000;0.3510;-3.4635;5.0166
1432;-4.0533;-3.3570;0.0000;0.3120;-3.5180;4.6789
1433;-3.8158;-3.3575;0.0000;0.3964;-3.5551;4.8898
1434;-3.5745;-3.3581;0.0000;0.3979;-3.4799;4.6194
1435;-3.3318;-3.3586;0.0000;0.3411;-3.4281;4.6391
1436;-3.0889;-3.3594;0.0000;0.3376;-3.4589;4.9554
1437;-2.8469;-3.3606;0.0000;0.3094;-3.4806;5.2196
1438;-2.6088;-3.3618;0.0000;0.3204;-3.4785;4.8163
1439;-2.3766;-3.3626;0.0000;0.4277;-3.4970;4.6662
1440;-2.1525;-3.3618;0.0000;0.4033;-3.5138;4.9878
1441;2.5094;-3.3701;0.0000;0.2793;-3.4968;4.4322
1442;2.7689;-3.3687;0.0000;0.4456;-3.4378;5.5249
1443;3.0166;-3.3684;0.0000;0.3968;-3.4030;6.6063
1444;3.2611;-3.3686;0.0000;0.4389;-3.3907;6.6925
1445;3.5042;-3.3688;0.0000;0.4750;-3.4011;7.2227
1446;3.7434;-3.3691;0.0000;0.4379;-3.4014;7.7336
1447;3.9735;-3.3696;0.0000;0.3879;-3.4035;7.5083
1448;4.1869;-3.3710;0.0000;0.3707;-3.4466;7.9195
1449;4.3762;-3.3919;0.0000;0.6584;-3.4429;7.4851
1450;-4.1826;-3.5537;0.0000;0.3924;-3.5596;4.9952
1451;-3.9382;-3.5597;0.0000;0.3763;-3.6009;4.5031
1452;-3.6962;-3.5610;0.0000;0.3860;-3.6121;4.8806
1453;-3.4537;-3.5619;0.0000;0.3610;-3.5341;4.7310
1454;-3.2106;-3.5625;0.0000;0.3668;-3.4840;4.7384
1455;-2.9677;-3.5634;0.0000;0.3849;-3.5402;4.9304
1456;-2.7263;-3.5645;0.0000;0.3610;-3.5966;4.6514
1457;-2.4875;-3.5650;0.0000;0.4027;-3.5722;4.7100
1458;-2.2481;-3.5594;0.0000;0.3933;-3.5512;4.3845
1459;2.4449;-3.5868;0.0000;0.2262;-3.3788;4.5529
1460;2.6621;-3.5701;0.0000;0.3663;-3.3237;5.3513
1461;2.8991;-3.5714;0.0000;0.4581;-3.2658;6.3994
1462;3.1405;-3.5718;0.0000;0.4085;-3.2820;6.7747
1463;3.3831;-3.5722;0.0000;0.4474;-3.3330;7.2152
1464;3.6243;-3.5728;0.0000;0.4577;-3.3350;7.6085
1465;3.8600;-3.5739;0.0000;0.4346;-3.3029;7.3145
1466;4.0856;-3.5746;0.0000;0.3897;-3.2786;7.5140
1467;4.3023;-3.5733;0.0000;0.5127;-3.2936;6.7384
1468;-4.2606;-3.7440;0.0000;0.4834;-3.7096;4.8141
1469;-4.0478;-3.7619;0.0000;0.4516;-3.6133;4.5814
1470;-3.8145;-3.7642;0.0000;0.3674;-3.5746;4.6150
1471;-3.5747;-3.7647;0.0000;0.3221;-3.6194;4.5468
1472;-3.3324;-3.7655;0.0000;0.3679;-3.6394;4.9856
1473;-3.0893;-3.7662;0.0000;0.3860;-3.6477;4.8263
1474;-2.8472;-3.7670;0.0000;0.3954;-3.6700;5.0647
1475;-2.6085;-3.7685;0.0000;0.4366;-3.6787;5.0534
1476;-2.3780;-3.7680;0.0000;0.4355;-3.6535;4.8871
1477;-2.1698;-3.7506;0.0000;0.3844;-3.6307;4.7305
1478;2.5312;-3.7758;0.0000;0.2724;-3.2776;4.5455
1479;2.7760;-3.7748;0.0000;0.4261;-3.2112;5.8325
1480;3.0188;-3.7757;0.0000;0.4510;-3.1522;6.6549
1481;3.2616;-3.7759;0.0000;0.4304;-3.1621;7.0219
1482;3.5039;-3.7764;0.0000;0.4502;-3.1904;7.3101
1483;3.7427;-3.7777;0.0000;0.4466;-3.1966;7.8648
1484;3.9726;-3.7794;0.0000;0.4156;-3.1939;7.5201
1485;4.1866;-3.7781;0.0000;0.3595;-3.1837;7.5201
1486;4.3775;-3.7501;0.0000;0.5552;-3.2002;6.8513
1487;-4.1971;-3.9587;0.0000;0.4954;-3.6535;4.5245
1488;-3.9438;-3.9668;0.0000;0.4599;-3.5233;4.7078
1489;-3.6982;-3.9676;0.0000;0.3336;-3.5481;4.5289
1490;-3.4547;-3.9681;0.0000;0.3018;-3.6255;4.7787
1491;-3.2112;-3.9686;0.0000;0.3483;-3.6536;4.5083
1492;-2.9677;-3.9694;0.0000;0.3668;-3.6201;4.6085
1493;-2.7243;-3.9706;0.0000;0.4619;-3.5879;4.9199
1494;-2.4793;-3.9717;0.0000;0.5056;-3.6177;4.9164
1495;-2.2277;-3.9653;0.0000;0.4354;-3.6620;5.0993
1496;2.4307;-3.9644;0.0000;0.2975;-3.3844;4.3535
1497;2.6621;-3.9762;0.0000;0.3825;-3.2745;5.0661
1498;2.8996;-3.9793;0.0000;0.4586;-3.1922;6.0468
1499;3.1407;-3.9800;0.0000;0.4566;-3.1253;6.6247
1500;3.3831;-3.9803;0.0000;0.4444;-3.0848;6.9694
1501;3.6246;-3.9812;0.0000;0.4200;-3.0916;7.9493
1502;3.8625;-3.9829;0.0000;0.4202;-3.1398;7.3132
1503;4.0948;-3.9830;0.0000;0.3920;-3.1868;6.9794
1504;4.3262;-3.9685;0.0000;0.4571;-3.2074;6.7279
1505;-4.2644;-4.1677;0.0000;0.4521;-3.6382;4.8828
1506;-4.0534;-4.1698;0.0000;0.4856;-3.6259;4.6426
1507;-3.8170;-4.1702;0.0000;0.4054;-3.5669;4.7021
1508;-3.5758;-4.1707;0.0000;0.2956;-3.5466;4.5306
1509;-3.3332;-4.1713;0.0000;0.3066;-3.5938;4.6741
1510;-3.0898;-4.1721;0.0000;0.3166;-3.5980;4.9790
1511;-2.8470;-4.1730;0.0000;0.3780;-3.5318;5.1264
1512;-2.6052;-4.1740;0.0000;0.5102;-3.4900;4.9431
1513;-2.3683;-4.1753;0.0000;0.5829;-3.5284;5.0687
1514;-2.1555;-4.1757;0.0000;0.4834;-3.5862;5.1553
1515;2.5336;-4.1686;0.0000;0.3706;-3.2959;4.7542
1516;2.7776;-4.1812;0.0000;0.4379;-3.2625;5.6251
1517;3.0193;-4.1838;0.0000;0.4611;-3.2348;5.6413
1518;3.2619;-4.1843;0.0000;0.4876;-3.1921;6.4729
1519;3.5043;-4.1849;0.0000;0.4083;-3.1559;7.3303
1520;3.7441;-4.1860;0.0000;0.3687;-3.1402;7.2174
1521;3.9778;-4.1870;0.0000;0.3928;-3.1714;5.8325
1522;4.1990;-4.1835;0.0000;0.3590;-3.2255;5.7161
1523;4.3894;-4.1787;0.0000;0.4907;-3.2679;6.6785
1524;-4.1952;-4.3806;0.0000;0.4634;-3.5852;4.7765
1525;-3.9433;-4.3729;0.0000;0.4255;-3.6261;4.0857
1526;-3.6985;-4.3733;0.0000;0.3960;-3.6124;4.3456
1527;-3.4550;-4.3741;0.0000;0.3601;-3.5955;4.6899
1528;-3.2116;-4.3745;0.0000;0.2853;-3.6053;4.6238
1529;-2.9682;-4.3754;0.0000;0.3066;-3.6157;4.8898
1530;-2.7243;-4.3764;0.0000;0.4249;-3.5680;4.8241
1531;-2.4785;-4.3778;0.0000;0.5791;-3.5211;4.5280
1532;-2.2251;-4.3874;0.0000;0.5679;-3.5186;4.6667
1533;2.4576;-4.3566;0.0000;0.3270;-3.3925;4.3850
1534;2.6685;-4.3819;0.0000;0.4493;-3.4082;5.1002
1535;2.9014;-4.3874;0.0000;0.4376;-3.3911;6.0910
1536;3.1411;-4.3881;0.0000;0.4745;-3.3745;6.3259
1537;3.3835;-4.3884;0.0000;0.4392;-3.3622;6.7537
1538;3.6253;-4.3892;0.0000;0.3909;-3.3138;7.3049
1539;3.8647;-4.3901;0.0000;0.3602;-3.2759;5.9746
1540;4.1002;-4.3901;0.0000;0.3306;-3.2987;5.2305
1541;4.3323;-4.3894;0.0000;0.4325;-3.3244;6.8513
1542;-4.2551;-4.5986;0.0000;0.5022;-3.4793;4.9326
1543;-4.0456;-4.5784;0.0000;0.4816;-3.5299;3.9930
1544;-3.8142;-4.5760;0.0000;0.4310;-3.5583;3.9020
1545;-3.5749;-4.5766;0.0000;0.4873;-3.5665;4.0569
1546;-3.3327;-4.5774;0.0000;0.3486;-3.5329;4.5074
1547;-3.0901;-4.5780;0.0000;0.2309;-3.4822;4.7213
1548;-2.8476;-4.5787;0.0000;0.3480;-3.4900;4.5595
1549;-2.6075;-4.5801;0.0000;0.4795;-3.4970;4.7498
1550;-2.3740;-4.5842;0.0000;0.6351;-3.4949;4.6426
1551;-2.1619;-4.6057;0.0000;0.5855;-3.5127;4.5131
1552;2.5207;-4.5761;0.0000;0.3654;-3.5447;4.1269
1553;2.7726;-4.5889;0.0000;0.4653;-3.5804;5.6807
1554;3.0177;-4.5913;0.0000;0.4372;-3.5489;6.3911
1555;3.2612;-4.5916;0.0000;0.4125;-3.4999;6.7997
1556;3.5038;-4.5920;0.0000;0.4263;-3.4903;7.0171
1557;3.7444;-4.5929;0.0000;0.4329;-3.5008;7.1181
1558;3.9788;-4.5932;0.0000;0.3360;-3.4920;6.2135
1559;4.2000;-4.5959;0.0000;0.2593;-3.4564;6.2668
1560;4.3918;-4.5986;0.0000;0.4916;-3.4180;6.6505
1561;-4.1772;-4.7890;0.0000;0.5656;-3.5157;4.6671
1562;-3.9357;-4.7808;0.0000;0.4764;-3.5419;4.0337
1563;-3.6960;-4.7802;0.0000;0.4877;-3.5407;3.4611
1564;-3.4541;-4.7805;0.0000;0.4793;-3.5391;4.3421
1565;-3.2113;-4.7812;0.0000;0.2392;-3.4660;4.7178
1566;-2.9687;-4.7821;0.0000;0.2701;-3.4487;4.5884
1567;-2.7259;-4.7833;0.0000;0.4334;-3.5348;4.7165
1568;-2.4836;-4.7861;0.0000;0.5996;-3.5706;4.5468
1569;-2.2385;-4.7955;0.0000;0.5933;-3.6157;4.3333
1570;2.4543;-4.7881;0.0000;0.3541;-3.5129;4.5035
1571;2.6634;-4.7903;0.0000;0.4734;-3.5205;4.8775
1572;2.8990;-4.7934;0.0000;0.4634;-3.5333;5.5630
1573;3.1401;-4.7945;0.0000;0.4026;-3.5317;6.3587
1574;3.3826;-4.7950;0.0000;0.4327;-3.4972;6.4479
1575;3.6246;-4.7954;0.0000;0.4403;-3.4962;5.9803
1576;3.8634;-4.7959;0.0000;0.3778;-3.5268;6.4576
1577;4.0973;-4.7969;0.0000;0.2891;-3.5009;6.5831
1578;4.3312;-4.8088;0.0000;0.4046;-3.4695;6.4383
1579;-4.2756;-4.9893;0.0000;0.5251;-3.5637;4.8530
1580;-4.0483;-4.9845;0.0000;0.5588;-3.5807;4.0779
1581;-3.8140;-4.9834;0.0000;0.4787;-3.5947;3.8521
1582;-3.5747;-4.9834;0.0000;0.4844;-3.5900;4.1680
1583;-3.3327;-4.9841;0.0000;0.3548;-3.5515;4.3189
1584;-3.0902;-4.9851;0.0000;0.2267;-3.5645;4.6019
1585;-2.8476;-4.9857;0.0000;0.3427;-3.6310;4.4598
1586;-2.6061;-4.9873;0.0000;0.5295;-3.6649;4.3206
1587;-2.3674;-4.9903;0.0000;0.6542;-3.6342;4.0897
1588;-2.1338;-4.9945;0.0000;0.5575;-3.5573;4.0731
1589;2.5205;-4.9988;0.0000;0.3823;-3.4342;4.5976
1590;2.7723;-4.9955;0.0000;0.4689;-3.4219;5.4484
1591;3.0174;-4.9971;0.0000;0.4526;-3.4424;6.1601
1592;3.2607;-4.9979;0.0000;0.4668;-3.4454;6.6623
1593;3.5036;-4.9986;0.0000;0.4828;-3.4235;7.0507
1594;3.7431;-4.9992;0.0000;0.3624;-3.4077;6.5761
1595;3.9750;-4.9995;0.0000;0.3027;-3.3927;6.5433
1596;4.1925;-5.0013;0.0000;0.2571;-3.3543;6.5862
1597;4.3875;-5.0270;0.0000;0.4263;-3.3068;6.0534
1598;-4.1758;-5.1830;0.0000;0.5138;-3.6423;4.4077
1599;-3.9352;-5.1862;0.0000;0.4830;-3.6095;4.0402
1600;-3.6959;-5.1867;0.0000;0.4329;-3.5668;3.9186
1601;-3.4547;-5.1870;0.0000;0.4003;-3.5488;4.0122
1602;-3.2121;-5.1878;0.0000;0.3372;-3.5674;4.3657
1603;-2.9689;-5.1884;0.0000;0.3217;-3.5394;4.4217
1604;-2.7256;-5.1894;0.0000;0.4074;-3.4874;4.2612
1605;-2.4820;-5.1911;0.0000;0.6251;-3.4734;3.8653
1606;-2.2345;-5.1886;0.0000;0.6252;-3.4102;4.0481
1607;2.4610;-5.2125;0.0000;0.3554;-3.4214;4.3631
1608;2.6704;-5.1995;0.0000;0.3976;-3.4027;5.3403
1609;2.9015;-5.1999;0.0000;0.4566;-3.3979;5.3880
1610;3.1408;-5.2009;0.0000;0.4665;-3.3874;6.1903
1611;3.3826;-5.2017;0.0000;0.5104;-3.3890;6.8206
1612;3.6240;-5.2025;0.0000;0.4295;-3.3730;7.0122
1613;3.8608;-5.2036;0.0000;0.3077;-3.3191;6.2052
1614;4.0895;-5.2046;0.0000;0.2396;-3.2682;6.3386
1615;4.3112;-5.2058;0.0000;0.3243;-3.2277;5.8399
1616;-4.2517;-5.3760;0.0000;0.5581;-3.6561;3.7139
1617;-4.0435;-5.3893;0.0000;0.4649;-3.5961;4.1772
1618;-3.8134;-5.3902;0.0000;0.4370;-3.5203;3.9834
1619;-3.5752;-5.3901;0.0000;0.3914;-3.4813;4.1387
1620;-3.3337;-5.3906;0.0000;0.3822;-3.4807;3.9291
1621;-3.0908;-5.3915;0.0000;0.3452;-3.4669;3.9637
1622;-2.8478;-5.3924;0.0000;0.2992;-3.3923;3.7883
1623;-2.6062;-5.3940;0.0000;0.4760;-3.3234;4.2432
1624;-2.3687;-5.3955;0.0000;0.6730;-3.3101;4.4720
1625;-2.1518;-5.3800;0.0000;0.5874;-3.2960;4.3640
1626;2.5395;-5.4063;0.0000;0.3780;-3.4537;4.4011
1627;2.7803;-5.4040;0.0000;0.4263;-3.4340;5.1798
1628;3.0200;-5.4045;0.0000;0.4418;-3.4056;5.8106
1629;3.2613;-5.4050;0.0000;0.4346;-3.3907;6.3810
1630;3.5032;-5.4058;0.0000;0.4690;-3.3554;6.8364
1631;3.7427;-5.4072;0.0000;0.3807;-3.3159;6.7047
1632;3.9747;-5.4090;0.0000;0.2560;-3.2958;6.3727
1633;4.1930;-5.4091;0.0000;0.2215;-3.3057;5.8653
1634;4.3896;-5.3849;0.0000;0.4416;-3.2919;5.3333
1635;-4.1906;-5.5884;0.0000;0.6089;-3.4924;3.9676
1636;-3.9413;-5.5930;0.0000;0.4473;-3.4408;3.8797
1637;-3.6982;-5.5935;0.0000;0.3911;-3.4117;3.9029
1638;-3.4559;-5.5938;0.0000;0.4032;-3.4055;4.0219
1639;-3.2126;-5.5944;0.0000;0.3893;-3.4345;3.7922
1640;-2.9687;-5.5952;0.0000;0.2790;-3.4319;3.8823
1641;-2.7241;-5.5965;0.0000;0.3097;-3.3779;3.9125
1642;-2.4751;-5.5972;0.0000;0.5759;-3.3370;4.1264
1643;-2.2128;-5.5949;0.0000;0.6045;-3.3082;4.5582
1644;2.4425;-5.6005;0.0000;0.3819;-3.4946;4.3596
1645;2.6684;-5.6058;0.0000;0.4222;-3.5011;4.8618
1646;2.9023;-5.6077;0.0000;0.4483;-3.4598;5.2537
1647;3.1412;-5.6083;0.0000;0.4073;-3.4242;5.8298
1648;3.3825;-5.6090;0.0000;0.4251;-3.3797;6.8421
1649;3.6240;-5.6102;0.0000;0.4267;-3.3404;6.7126
1650;3.8632;-5.6118;0.0000;0.3135;-3.3278;6.3994
1651;4.0986;-5.6125;0.0000;0.2422;-3.3524;5.8027
1652;4.3363;-5.6015;0.0000;0.3932;-3.4154;5.6255
1653;-4.2535;-5.7983;0.0000;0.6474;-3.2673;3.7043
1654;-4.0477;-5.7969;0.0000;0.4694;-3.2983;3.5477
1655;-3.8154;-5.7964;0.0000;0.4134;-3.3474;3.8031
1656;-3.5764;-5.7968;0.0000;0.3762;-3.3474;4.2546
1657;-3.3343;-5.7974;0.0000;0.4044;-3.3791;3.8176
1658;-3.0911;-5.7981;0.0000;0.3527;-3.3984;3.8946
1659;-2.8476;-5.7990;0.0000;0.2796;-3.3284;4.0652
1660;-2.6045;-5.7995;0.0000;0.4236;-3.2573;4.1645
1661;-2.3644;-5.7976;0.0000;0.5616;-3.2100;4.3298
1662;-2.1418;-5.8109;0.0000;0.4882;-3.1840;4.3771
1663;2.5422;-5.8010;0.0000;0.4036;-3.4777;4.7038
1664;2.7817;-5.8097;0.0000;0.4141;-3.4403;5.2800
1665;3.0206;-5.8116;0.0000;0.4136;-3.3860;6.2205
1666;3.2613;-5.8122;0.0000;0.4133;-3.3553;6.7091
1667;3.5032;-5.8131;0.0000;0.4271;-3.3634;6.8224
1668;3.7436;-5.8144;0.0000;0.3801;-3.3580;6.7445
1669;3.9791;-5.8154;0.0000;0.3064;-3.3580;6.6846
1670;4.2044;-5.8136;0.0000;0.2965;-3.4149;5.9094
1671;4.4017;-5.8119;0.0000;0.4321;-3.4281;5.5770
1672;-4.1856;-6.0102;0.0000;0.4973;-3.2850;3.6601
1673;-3.9394;-6.0002;0.0000;0.3845;-3.2935;3.7130
1674;-3.6978;-6.0001;0.0000;0.3597;-3.2524;3.8605
1675;-3.4560;-6.0008;0.0000;0.3933;-3.2838;3.9843
1676;-3.2133;-6.0013;0.0000;0.3360;-3.3696;4.0612
1677;-2.9694;-6.0021;0.0000;0.3565;-3.3431;4.2384
1678;-2.7250;-6.0033;0.0000;0.3434;-3.2720;4.0341
1679;-2.4789;-6.0031;0.0000;0.4375;-3.2274;4.2419
1680;-2.2285;-6.0022;0.0000;0.4590;-3.1810;4.5385
1681;2.4676;-5.9915;0.0000;0.3973;-3.3801;4.4799
1682;2.6743;-6.0114;0.0000;0.4022;-3.3455;4.7332
1683;2.9035;-6.0153;0.0000;0.4183;-3.3230;5.9689
1684;3.1411;-6.0159;0.0000;0.4093;-3.3121;6.2717
1685;3.3822;-6.0163;0.0000;0.4117;-3.3381;7.0752
1686;3.6239;-6.0171;0.0000;0.4075;-3.3965;7.4094
1687;3.8642;-6.0181;0.0000;0.3564;-3.4288;7.0984
1688;4.1022;-6.0178;0.0000;0.3373;-3.4315;6.8189
1689;4.3416;-6.0202;0.0000;0.4244;-3.4301;6.4864
1690;-4.2432;-6.2294;0.0000;0.4791;-3.2935;3.3906
1691;-4.0395;-6.2070;0.0000;0.2904;-3.2978;3.6969
1692;-3.8122;-6.2038;0.0000;0.3203;-3.2766;3.5892
1693;-3.5753;-6.2044;0.0000;0.4327;-3.3133;3.6745
1694;-3.3338;-6.2046;0.0000;0.3634;-3.3332;3.5341
1695;-3.0914;-6.2051;0.0000;0.3056;-3.3259;3.9296
1696;-2.8475;-6.2061;0.0000;0.3487;-3.3686;4.1527
1697;-2.6036;-6.2062;0.0000;0.3581;-3.3595;4.2892
1698;-2.3607;-6.2037;0.0000;0.4080;-3.2775;4.5411
1699;-2.1218;-6.1888;0.0000;0.4346;-3.1988;4.4471
1700;2.5287;-6.2077;0.0000;0.4010;-3.3131;4.2655
1701;2.7760;-6.2179;0.0000;0.4316;-3.2969;5.2699
1702;3.0184;-6.2194;0.0000;0.4261;-3.3026;6.7327
1703;3.2602;-6.2198;0.0000;0.3720;-3.3208;7.0249
1704;3.5022;-6.2202;0.0000;0.4117;-3.3543;7.5192
1705;3.7429;-6.2207;0.0000;0.4248;-3.3998;7.5245
1706;3.9779;-6.2211;0.0000;0.3380;-3.4118;7.2743
1707;4.2008;-6.2216;0.0000;0.3173;-3.3906;7.3605
1708;4.3993;-6.2323;0.0000;0.5089;-3.3625;7.1050
1709;-4.1684;-6.4196;0.0000;0.4236;-3.3535;3.2305
1710;-3.9320;-6.4092;0.0000;0.3116;-3.3919;3.3928
1711;-3.6951;-6.4081;0.0000;0.3318;-3.4388;3.3268
1712;-3.4551;-6.4082;0.0000;0.4274;-3.3772;3.0827
1713;-3.2127;-6.4086;0.0000;0.3199;-3.2759;3.2988
1714;-2.9695;-6.4092;0.0000;0.2989;-3.3042;3.6662
1715;-2.7253;-6.4092;0.0000;0.3362;-3.3827;3.9803
1716;-2.4791;-6.4065;0.0000;0.3661;-3.3740;4.2997
1717;-2.2257;-6.3962;0.0000;0.3847;-3.3409;3.8202
1718;2.4609;-6.4153;0.0000;0.4503;-3.3114;3.9641
1719;2.6681;-6.4203;0.0000;0.4099;-3.3029;4.6868
1720;2.9005;-6.4223;0.0000;0.4324;-3.2929;5.4444
1721;3.1397;-6.4231;0.0000;0.3911;-3.2931;5.9641
1722;3.3811;-6.4236;0.0000;0.3566;-3.3069;6.3806
1723;3.6227;-6.4241;0.0000;0.4478;-3.3182;7.5801
1724;3.8621;-6.4248;0.0000;0.4040;-3.3373;7.8145
1725;4.0963;-6.4256;0.0000;0.2774;-3.3551;7.7213
1726;4.3277;-6.4282;0.0000;0.3957;-3.3395;7.5599
1727;-4.2636;-6.6240;0.0000;0.5366;-3.2932;2.8836
1728;-4.0416;-6.6135;0.0000;0.4050;-3.3128;2.9773
1729;-3.8115;-6.6116;0.0000;0.2850;-3.3624;3.1728
1730;-3.5747;-6.6117;0.0000;0.3455;-3.3714;3.1658
1731;-3.3339;-6.6121;0.0000;0.3934;-3.2904;3.2371
1732;-3.0913;-6.6127;0.0000;0.3009;-3.2781;3.5919
1733;-2.8487;-6.6127;0.0000;0.2825;-3.3157;3.8504
1734;-2.6081;-6.6108;0.0000;0.3542;-3.3659;3.8976
1735;-2.3728;-6.6031;0.0000;0.3523;-3.4046;3.8036
1736;-2.1495;-6.5900;0.0000;0.3743;-3.4235;3.4099
1737;2.5294;-6.6293;0.0000;0.4436;-3.3863;4.6325
1738;2.7762;-6.6251;0.0000;0.3954;-3.3785;4.9961
1739;3.0180;-6.6262;0.0000;0.4180;-3.3705;5.2524
1740;3.2598;-6.6270;0.0000;0.3670;-3.3601;5.8841
1741;3.5017;-6.6275;0.0000;0.3708;-3.3466;7.4856
1742;3.7423;-6.6282;0.0000;0.4366;-3.3539;8.3171
1743;3.9781;-6.6288;0.0000;0.3156;-3.3705;8.0954
1744;4.2051;-6.6282;0.0000;0.2614;-3.3594;7.3618
1745;4.4216;-6.6238;0.0000;0.5012;-3.3652;7.3237
1746;-4.1660;-6.8131;0.0000;0.5065;-3.0253;2.9081
1747;-3.9308;-6.8159;0.0000;0.3495;-3.0394;3.1037
1748;-3.6946;-6.8154;0.0000;0.3440;-3.1420;2.7708
1749;-3.4547;-6.8157;0.0000;0.4249;-3.2056;2.8775
1750;-3.2127;-6.8164;0.0000;0.3427;-3.2554;3.3307
1751;-2.9705;-6.8166;0.0000;0.2432;-3.2708;3.5525
1752;-2.7304;-6.8166;0.0000;0.3220;-3.2461;3.7187
1753;-2.4976;-6.8144;0.0000;0.3865;-3.2688;3.9186
1754;-2.2830;-6.8091;0.0000;0.3437;-3.2696;3.8758
1755;-2.1012;-6.8028;0.0000;0.3569;-3.2596;3.6570
1756;2.4721;-6.8452;0.0000;0.4131;-3.4377;4.7410
1757;2.6762;-6.8295;0.0000;0.3781;-3.4740;4.8543
1758;2.9037;-6.8291;0.0000;0.4037;-3.5093;5.1015
1759;3.1406;-6.8300;0.0000;0.3812;-3.5182;5.6864
1760;3.3811;-6.8307;0.0000;0.3273;-3.5115;6.9409
1761;3.6222;-6.8314;0.0000;0.3902;-3.4923;7.7314
1762;3.8616;-6.8322;0.0000;0.3810;-3.4603;8.1365
1763;4.0963;-6.8319;0.0000;0.2843;-3.4387;7.7598
1764;4.3291;-6.8246;0.0000;0.4169;-3.4456;7.4851
1765;-4.2462;-6.9999;0.0000;0.5635;-2.9543;3.0914
1766;-4.0390;-7.0206;0.0000;0.4210;-2.9837;2.9738
1767;-3.8109;-7.0201;0.0000;0.3440;-3.0381;2.9899
1768;-3.5744;-7.0198;0.0000;0.4057;-3.0733;3.2633
1769;-3.3336;-7.0200;0.0000;0.3867;-3.0853;3.3263
1770;-3.0916;-7.0203;0.0000;0.2358;-3.0681;3.2393
1771;-2.8502;-7.0210;0.0000;0.2532;-3.0821;3.2353
1772;-2.6116;-7.0212;0.0000;0.3856;-3.1413;3.6290
1773;-2.3795;-7.0201;0.0000;0.3440;-3.1811;3.6124
1774;-2.1530;-7.0172;0.0000;0.3098;-3.1868;3.6654
1775;2.5475;-7.0383;0.0000;0.3787;-3.4007;5.0779
1776;2.7836;-7.0331;0.0000;0.3703;-3.4464;5.5739
1777;3.0205;-7.0331;0.0000;0.3593;-3.5086;6.0052
1778;3.2600;-7.0336;0.0000;0.3106;-3.5334;6.8981
1779;3.5011;-7.0342;0.0000;0.3435;-3.5291;7.4396
1780;3.7415;-7.0352;0.0000;0.4081;-3.5029;7.8136
1781;3.9771;-7.0362;0.0000;0.3226;-3.4565;7.1728
1782;4.2018;-7.0343;0.0000;0.2694;-3.4271;7.5232
1783;4.4025;-7.0162;0.0000;0.5337;-3.4213;7.4160
1784;-4.1831;-7.2191;0.0000;0.4788;-3.2112;2.9991
1785;-3.9365;-7.2231;0.0000;0.3393;-3.1971;3.2450
1786;-3.6961;-7.2236;0.0000;0.3742;-3.1847;3.3893
1787;-3.4552;-7.2240;0.0000;0.4046;-3.1606;3.5271
1788;-3.2130;-7.2247;0.0000;0.3365;-3.0875;3.6098
1789;-2.9709;-7.2254;0.0000;0.2559;-3.0525;3.4204
1790;-2.7312;-7.2260;0.0000;0.3331;-3.1128;3.3364
1791;-2.4984;-7.2264;0.0000;0.3602;-3.1660;3.6575
1792;-2.2813;-7.2274;0.0000;0.2716;-3.1931;4.0039
1793;-2.0948;-7.2283;0.0000;0.2495;-3.2007;3.8281
1794;2.4532;-7.2374;0.0000;0.4179;-3.3001;4.5521
1795;2.6738;-7.2363;0.0000;0.3540;-3.3050;5.0822
1796;2.9036;-7.2366;0.0000;0.3240;-3.3419;5.4112
1797;3.1402;-7.2368;0.0000;0.2977;-3.3990;6.4816
1798;3.3804;-7.2373;0.0000;0.3166;-3.4330;7.7577
1799;3.6219;-7.2380;0.0000;0.3568;-3.4379;7.7192
1800;3.8628;-7.2392;0.0000;0.3558;-3.4158;7.1190
1801;4.1026;-7.2395;0.0000;0.2915;-3.3768;6.9764
1802;4.3464;-7.2325;0.0000;0.4812;-3.3462;7.7047
1803;-4.2380;-7.4302;0.0000;0.5104;-3.3868;3.5227
1804;-4.0361;-7.4238;0.0000;0.4046;-3.3767;3.5433
1805;-3.8098;-7.4264;0.0000;0.3563;-3.3138;3.5494
1806;-3.5738;-7.4273;0.0000;0.3528;-3.2549;3.5525
1807;-3.3335;-7.4281;0.0000;0.3520;-3.2539;3.7817
1808;-3.0915;-7.4290;0.0000;0.3206;-3.2869;3.9029
1809;-2.8500;-7.4298;0.0000;0.3038;-3.3150;3.6378
1810;-2.6118;-7.4305;0.0000;0.3671;-3.2833;3.7017
1811;-2.3793;-7.4318;0.0000;0.3243;-3.2262;3.6549
1812;-2.1502;-7.4379;0.0000;0.1765;-3.2256;4.0569
1813;2.5491;-7.4348;0.0000;0.4255;-3.3195;4.7594
1814;2.7844;-7.4399;0.0000;0.3442;-3.3125;5.5831
1815;3.0204;-7.4406;0.0000;0.2886;-3.3384;6.1199
1816;3.2595;-7.4407;0.0000;0.2820;-3.4107;6.9838
1817;3.5007;-7.4410;0.0000;0.3093;-3.4506;7.3666
1818;3.7415;-7.4418;0.0000;0.3267;-3.4283;7.1282
1819;3.9795;-7.4427;0.0000;0.3052;-3.4068;7.4405
1820;4.2095;-7.4428;0.0000;0.2930;-3.3958;7.4773
1821;4.4137;-7.4457;0.0000;0.5705;-3.3930;7.1903
1822;-4.1628;-7.6277;0.0000;0.4982;-3.1995;3.9274
1823;-3.9287;-7.6293;0.0000;0.4008;-3.2284;3.7922
1824;-3.6931;-7.6308;0.0000;0.3121;-3.2129;3.5984
1825;-3.4542;-7.6316;0.0000;0.3122;-3.2315;3.3950
1826;-3.2127;-7.6324;0.0000;0.3607;-3.2965;3.8115
1827;-2.9709;-7.6329;0.0000;0.3101;-3.3697;4.1400
1828;-2.7318;-7.6337;0.0000;0.3363;-3.3593;4.0328
1829;-2.5000;-7.6351;0.0000;0.4059;-3.2765;4.2345
1830;-2.2836;-7.6385;0.0000;0.2646;-3.2795;4.1737
1831;-2.0951;-7.6525;0.0000;0.1212;-3.3714;4.1763
1832;2.4759;-7.6287;0.0000;0.4409;-3.4023;4.0446
1833;2.6785;-7.6429;0.0000;0.4194;-3.4490;4.8784
1834;2.9044;-7.6446;0.0000;0.2915;-3.4707;5.7069
1835;3.1399;-7.6443;0.0000;0.2314;-3.4709;7.1947
1836;3.3796;-7.6442;0.0000;0.2690;-3.4770;7.6094
1837;3.6211;-7.6447;0.0000;0.2853;-3.4670;7.5783
1838;3.8623;-7.6454;0.0000;0.2976;-3.4597;7.1951
1839;4.1028;-7.6461;0.0000;0.2792;-3.4496;7.2432
1840;4.3472;-7.6535;0.0000;0.4782;-3.4683;7.2983
1841;-4.2538;-7.8208;0.0000;0.4999;-3.1274;4.2787
1842;-4.0371;-7.8309;0.0000;0.4557;-3.1233;4.1645
1843;-3.8091;-7.8342;0.0000;0.3760;-3.1715;4.0254
1844;-3.5735;-7.8352;0.0000;0.3275;-3.2174;3.6155
1845;-3.3335;-7.8358;0.0000;0.3788;-3.2487;3.9016
1846;-3.0916;-7.8363;0.0000;0.3406;-3.2207;3.6964
1847;-2.8507;-7.8371;0.0000;0.2685;-3.1751;3.9497
1848;-2.6139;-7.8386;0.0000;0.3393;-3.2234;4.0232
1849;-2.3846;-7.8413;0.0000;0.2928;-3.3361;4.3136
1850;-2.1615;-7.8477;0.0000;0.1925;-3.3689;4.4401
1851;2.5352;-7.8419;0.0000;0.4369;-3.5073;3.8626
1852;2.7785;-7.8472;0.0000;0.3659;-3.5253;5.4484
1853;3.0178;-7.8476;0.0000;0.2278;-3.4867;6.0879
1854;3.2580;-7.8475;0.0000;0.2527;-3.4450;7.1794
1855;3.4995;-7.8477;0.0000;0.2547;-3.4476;8.0455
1856;3.7400;-7.8483;0.0000;0.2485;-3.4809;7.6610
1857;3.9765;-7.8490;0.0000;0.2665;-3.4977;7.4471
1858;4.2032;-7.8518;0.0000;0.3031;-3.5050;7.0385
1859;4.4072;-7.8689;0.0000;0.5704;-3.5055;6.9322
1860;-4.1595;-8.0255;0.0000;0.4942;-3.3204;4.3320
1861;-3.9269;-8.0363;0.0000;0.4620;-3.2861;4.1710
1862;-3.6925;-8.0387;0.0000;0.3822;-3.2342;4.0621
1863;-3.4540;-8.0394;0.0000;0.3542;-3.1748;4.1028
1864;-3.2128;-8.0400;0.0000;0.3422;-3.0761;3.8058
1865;-2.9713;-8.0411;0.0000;0.2359;-2.9931;3.8202
1866;-2.7324;-8.0423;0.0000;0.2649;-3.0348;4.1422
1867;-2.4999;-8.0438;0.0000;0.3235;-3.2166;4.0197
1868;-2.2790;-8.0454;0.0000;0.2454;-3.3110;4.5026
1869;-2.0715;-8.0480;0.0000;0.1980;-3.2538;4.6400
1870;2.4717;-8.0495;0.0000;0.3928;-3.4176;3.2349
1871;2.6733;-8.0506;0.0000;0.4139;-3.4453;4.7480
1872;2.9016;-8.0505;0.0000;0.2948;-3.4040;5.6304
1873;3.1380;-8.0508;0.0000;0.2531;-3.3872;6.5166
1874;3.3783;-8.0509;0.0000;0.2582;-3.4066;7.3346
1875;3.6195;-8.0514;0.0000;0.2232;-3.4595;8.0354
1876;3.8595;-8.0523;0.0000;0.2664;-3.5169;7.2192
1877;4.0965;-8.0541;0.0000;0.2866;-3.5574;7.1514
1878;4.3333;-8.0610;0.0000;0.4548;-3.5732;6.4904
1879;-4.2294;-8.2162;0.0000;0.5450;-3.4237;4.4431
1880;-4.0309;-8.2373;0.0000;0.4582;-3.3616;4.0153
1881;-3.8077;-8.2425;0.0000;0.3989;-3.2830;4.1649
1882;-3.5733;-8.2434;0.0000;0.4160;-3.2381;4.0744
1883;-3.3339;-8.2441;0.0000;0.3372;-3.2395;3.9707
1884;-3.0924;-8.2451;0.0000;0.2486;-3.2353;3.8276
1885;-2.8516;-8.2462;0.0000;0.2028;-3.2008;4.1150
1886;-2.6146;-8.2474;0.0000;0.2475;-3.1869;4.0993
1887;-2.3842;-8.2481;0.0000;0.2357;-3.2004;3.8053
1888;-2.1588;-8.2451;0.0000;0.2647;-3.2533;4.3653
1889;2.5375;-8.2616;0.0000;0.3641;-3.4117;3.6780
1890;2.7787;-8.2541;0.0000;0.3264;-3.3840;5.1885
1891;3.0172;-8.2540;0.0000;0.2922;-3.3941;6.0661
1892;3.2571;-8.2543;0.0000;0.2724;-3.3946;6.7909
1893;3.4982;-8.2545;0.0000;0.2290;-3.4360;7.3395
1894;3.7389;-8.2552;0.0000;0.2587;-3.4981;8.0363
1895;3.9766;-8.2562;0.0000;0.2917;-3.5468;7.6094
1896;4.2079;-8.2576;0.0000;0.2981;-3.5660;7.1387
1897;4.4313;-8.2597;0.0000;0.5128;-3.5860;7.2030
1898;-4.1717;-8.4334;0.0000;0.5644;-3.3157;4.3880
1899;-3.9325;-8.4448;0.0000;0.3846;-3.2292;4.0831
1900;-3.6953;-8.4469;0.0000;0.4291;-3.2367;4.1019
1901;-3.4554;-8.4474;0.0000;0.4048;-3.3318;3.9974
1902;-3.2140;-8.4478;0.0000;0.2386;-3.4761;3.8377
1903;-2.9727;-8.4490;0.0000;0.1544;-3.5292;4.0341
1904;-2.7334;-8.4505;0.0000;0.2136;-3.4604;4.1404
1905;-2.5006;-8.4523;0.0000;0.2097;-3.3356;3.6960
1906;-2.2814;-8.4524;0.0000;0.2485;-3.3085;3.7314
1907;-2.0875;-8.4409;0.0000;0.3156;-3.3731;3.8075
1908;2.4813;-8.4791;0.0000;0.3484;-3.3307;3.7301
1909;2.6802;-8.4601;0.0000;0.2964;-3.3487;4.5919
1910;2.9036;-8.4575;0.0000;0.2792;-3.3924;5.2485
1911;3.1380;-8.4577;0.0000;0.2915;-3.4214;6.5420
1912;3.3773;-8.4579;0.0000;0.2378;-3.4226;7.1269
1913;3.6182;-8.4582;0.0000;0.2234;-3.4478;7.5840
1914;3.8585;-8.4590;0.0000;0.3094;-3.4932;7.9344
1915;4.0965;-8.4596;0.0000;0.3177;-3.5197;7.5888
1916;4.3349;-8.4556;0.0000;0.4292;-3.5516;7.7218
1917;-4.2362;-8.6452;0.0000;0.6678;-3.2543;4.1995
1918;-4.0374;-8.6468;0.0000;0.4300;-3.2645;4.1352
1919;-3.8116;-8.6501;0.0000;0.3752;-3.2752;4.2445
1920;-3.5757;-8.6509;0.0000;0.4449;-3.2908;4.3771
1921;-3.3355;-8.6510;0.0000;0.2996;-3.3327;4.2047
1922;-3.0939;-8.6515;0.0000;0.1402;-3.4178;4.1601
1923;-2.8529;-8.6527;0.0000;0.1510;-3.4626;4.2209
1924;-2.6136;-8.6545;0.0000;0.2146;-3.4253;4.1487
1925;-2.3778;-8.6560;0.0000;0.2190;-3.3939;4.1645
1926;-2.1416;-8.6525;0.0000;0.2857;-3.3630;4.3583
1927;2.5529;-8.6714;0.0000;0.3465;-3.3291;4.5731
1928;2.7844;-8.6627;0.0000;0.2921;-3.3557;5.1789
1929;3.0182;-8.6615;0.0000;0.2921;-3.3862;5.6697
1930;3.2562;-8.6614;0.0000;0.2303;-3.4336;6.2441
1931;3.4967;-8.6616;0.0000;0.1862;-3.4481;7.3237
1932;3.7372;-8.6621;0.0000;0.2767;-3.4599;8.1024
1933;3.9752;-8.6633;0.0000;0.3546;-3.4910;7.2502
1934;4.2045;-8.6631;0.0000;0.3286;-3.5416;6.8985
1935;4.4119;-8.6476;0.0000;0.5596;-3.6051;7.1325
1936;-4.1730;-8.8534;0.0000;0.6880;-3.3657;4.4283
1937;-3.9340;-8.8522;0.0000;0.4201;-3.3898;4.1689
1938;-3.6965;-8.8538;0.0000;0.4178;-3.3775;4.2213
1939;-3.4567;-8.8546;0.0000;0.3479;-3.3091;4.4409
1940;-3.2155;-8.8549;0.0000;0.2005;-3.2576;4.1584
1941;-2.9738;-8.8556;0.0000;0.1351;-3.3058;4.1409
1942;-2.7339;-8.8569;0.0000;0.1910;-3.3622;4.4978
1943;-2.4990;-8.8583;0.0000;0.2243;-3.3662;4.3416
1944;-2.2751;-8.8603;0.0000;0.2235;-3.3600;4.7323
1945;-2.0792;-8.8597;0.0000;0.2047;-3.3418;4.5818
1946;2.4602;-8.8747;0.0000;0.3824;-3.3860;4.0923
1947;2.6758;-8.8670;0.0000;0.3628;-3.4059;4.6395
1948;2.9022;-8.8656;0.0000;0.3031;-3.4101;5.7865
1949;3.1367;-8.8651;0.0000;0.2281;-3.4374;6.1107
1950;3.3757;-8.8649;0.0000;0.1539;-3.4689;6.6623
1951;3.6169;-8.8651;0.0000;0.1995;-3.4835;8.2012
1952;3.8591;-8.8659;0.0000;0.3380;-3.5079;7.7887
1953;4.1027;-8.8668;0.0000;0.3289;-3.5953;6.5993
1954;4.3526;-8.8613;0.0000;0.5408;-3.6789;6.9563
1955;-4.2285;-9.0647;0.0000;0.8493;-3.4167;4.6325
1956;-4.0315;-9.0556;0.0000;0.4828;-3.3864;4.1684
1957;-3.8093;-9.0565;0.0000;0.3979;-3.3999;3.9899
1958;-3.5755;-9.0577;0.0000;0.3563;-3.4040;4.4908
1959;-3.3363;-9.0585;0.0000;0.2522;-3.3797;4.5770
1960;-3.0950;-9.0590;0.0000;0.1491;-3.3570;4.4051
1961;-2.8538;-9.0596;0.0000;0.1718;-3.4107;4.4121
1962;-2.6145;-9.0608;0.0000;0.2304;-3.4666;4.5521
1963;-2.3784;-9.0628;0.0000;0.2060;-3.4532;4.7441
1964;-2.1413;-9.0715;0.0000;0.1791;-3.4082;4.6999
1965;2.5530;-9.0673;0.0000;0.4136;-3.5011;3.7004
1966;2.7839;-9.0691;0.0000;0.3036;-3.4947;4.8500
1967;3.0172;-9.0688;0.0000;0.2465;-3.5318;6.0669
1968;3.2550;-9.0684;0.0000;0.1678;-3.5398;5.8237
1969;3.4953;-9.0682;0.0000;0.1629;-3.5485;6.8193
1970;3.7365;-9.0685;0.0000;0.2528;-3.5979;8.1076
1971;3.9767;-9.0690;0.0000;0.3035;-3.6868;6.5319
1972;4.2107;-9.0703;0.0000;0.3356;-3.7672;6.8250
1973;4.4186;-9.0703;0.0000;0.6585;-3.8095;7.2953
1974;-4.1565;-9.2614;0.0000;0.7081;-3.4627;4.3088
1975;-3.9269;-9.2602;0.0000;0.4369;-3.4447;4.2266
1976;-3.6945;-9.2610;0.0000;0.3413;-3.4724;4.2345
1977;-3.4571;-9.2616;0.0000;0.2804;-3.5375;4.5171
1978;-3.2165;-9.2620;0.0000;0.1738;-3.5798;4.8373
1979;-2.9753;-9.2627;0.0000;0.1399;-3.5563;4.2979
1980;-2.7358;-9.2634;0.0000;0.2727;-3.5586;3.8880
1981;-2.5018;-9.2649;0.0000;0.2410;-3.5660;4.4199
1982;-2.2803;-9.2692;0.0000;0.1454;-3.4794;4.7948
1983;-2.0842;-9.2891;0.0000;0.2396;-3.3849;4.4904
1984;2.4806;-9.2636;0.0000;0.4682;-3.5197;3.6632
1985;2.6792;-9.2726;0.0000;0.3469;-3.5191;4.5538
1986;2.9016;-9.2726;0.0000;0.1813;-3.5479;5.5801
1987;3.1352;-9.2718;0.0000;0.1526;-3.5619;5.7043
1988;3.3739;-9.2714;0.0000;0.1657;-3.5870;6.5402
1989;3.6154;-9.2712;0.0000;0.2430;-3.6383;7.5284
1990;3.8578;-9.2712;0.0000;0.2642;-3.6806;7.1719
1991;4.1015;-9.2722;0.0000;0.2975;-3.6742;6.1220
1992;4.3520;-9.2823;0.0000;0.5428;-3.6750;6.9917
1993;-4.2457;-9.4565;0.0000;0.7701;-3.4632;4.3950
1994;-4.0335;-9.4615;0.0000;0.5068;-3.4974;4.0840
1995;-3.8093;-9.4640;0.0000;0.3807;-3.5016;4.6557
1996;-3.5759;-9.4646;0.0000;0.3185;-3.5026;4.9724
1997;-3.3372;-9.4649;0.0000;0.1871;-3.5300;4.6002
1998;-3.0963;-9.4653;0.0000;0.1469;-3.5370;4.2594
1999;-2.8554;-9.4662;0.0000;0.2675;-3.4965;3.8342
2000;-2.6165;-9.4675;0.0000;0.2734;-3.4805;4.0424
2001;-2.3834;-9.4707;0.0000;0.1301;-3.4699;4.9436
2002;-2.1533;-9.4810;0.0000;0.2105;-3.4422;4.9178
2003;2.5387;-9.4729;0.0000;0.4555;-3.3059;4.4738
2004;2.7771;-9.4757;0.0000;0.2483;-3.4934;5.1290
2005;3.0138;-9.4751;0.0000;0.1737;-3.4821;5.5179
2006;3.2526;-9.4746;0.0000;0.1567;-3.4841;5.8311
2007;3.4933;-9.4743;0.0000;0.2334;-3.5168;6.8552
2008;3.7347;-9.4741;0.0000;0.2804;-3.5365;7.0949
2009;3.9736;-9.4745;0.0000;0.2683;-3.5022;6.9816
2010;4.2048;-9.4789;0.0000;0.3261;-3.4752;7.0346
2011;4.4138;-9.5015;0.0000;0.5370;-3.5174;7.0070
2012;-4.1538;-9.6576;0.0000;0.6039;-3.3495;4.3399
2013;-3.9260;-9.6660;0.0000;0.4451;-3.3408;4.5822
2014;-3.6945;-9.6680;0.0000;0.3587;-3.3479;4.5997
2015;-3.4575;-9.6684;0.0000;0.2128;-3.3668;4.5678
2016;-3.2176;-9.6685;0.0000;0.1200;-3.3658;4.3128
2017;-2.9762;-9.6693;0.0000;0.2472;-3.3820;4.0000
2018;-2.7359;-9.6704;0.0000;0.3184;-3.3795;4.0805
2019;-2.5007;-9.6724;0.0000;0.1774;-3.3588;4.5993
2020;-2.2743;-9.6759;0.0000;0.1463;-3.4085;4.9449
2021;-2.0582;-9.6843;0.0000;0.3265;-3.5004;5.0258
2022;2.4787;-9.6826;0.0000;0.4419;-3.3515;4.1680
2023;2.6751;-9.6796;0.0000;0.3688;-3.3446;4.8968
2024;2.8991;-9.6780;0.0000;0.2090;-3.4071;5.0919
2025;3.1334;-9.6780;0.0000;0.1951;-3.4228;5.4488
2026;3.3726;-9.6778;0.0000;0.2098;-3.4198;6.1330
2027;3.6138;-9.6777;0.0000;0.2386;-3.4084;6.4930
2028;3.8551;-9.6780;0.0000;0.2234;-3.4065;7.3727
2029;4.0953;-9.6805;0.0000;0.2979;-3.4106;7.1597
2030;4.3375;-9.6913;0.0000;0.4389;-3.4135;7.4016
2031;-4.2226;-9.8515;0.0000;0.6530;-3.2663;4.9138
2032;-4.0291;-9.8682;0.0000;0.4259;-3.2493;4.5827
2033;-3.8088;-9.8720;0.0000;0.4247;-3.2211;4.7218
2034;-3.5763;-9.8723;0.0000;0.2861;-3.2554;4.4808
2035;-3.3381;-9.8722;0.0000;0.0982;-3.3234;4.3233
2036;-3.0976;-9.8726;0.0000;0.1451;-3.3733;3.9891
2037;-2.8563;-9.8733;0.0000;0.3115;-3.3762;4.3841
2038;-2.6168;-9.8749;0.0000;0.2781;-3.3468;4.7143
2039;-2.3821;-9.8772;0.0000;0.1984;-3.3504;4.6479
2040;-2.1492;-9.8770;0.0000;0.2877;-3.4195;4.6531
2041;2.5430;-9.8926;0.0000;0.4026;-3.4909;4.3373
2042;2.7792;-9.8816;0.0000;0.2872;-3.3459;4.8885
2043;3.0141;-9.8811;0.0000;0.2202;-3.3836;5.2489
2044;3.2519;-9.8812;0.0000;0.1990;-3.4116;5.9291
2045;3.4925;-9.8812;0.0000;0.2256;-3.4140;6.5687
2046;3.7338;-9.8814;0.0000;0.1590;-3.3897;7.0656
2047;3.9733;-9.8824;0.0000;0.2035;-3.3714;6.8294
2048;4.2092;-9.8858;0.0000;0.3361;-3.3750;6.7690
2049;4.4393;-9.8937;0.0000;0.4661;-3.3862;7.0652
2050;-4.1666;-10.0664;0.0000;0.5576;-3.3332;4.8018
2051;-3.9322;-10.0746;0.0000;0.4037;-3.3400;4.6435
2052;-3.6972;-10.0761;0.0000;0.2961;-3.3336;4.7463
2053;-3.4592;-10.0760;0.0000;0.1857;-3.3022;4.6024
2054;-3.2188;-10.0758;0.0000;0.1561;-3.2865;4.5739
2055;-2.9772;-10.0764;0.0000;0.2395;-3.2848;4.7782
2056;-2.7367;-10.0778;0.0000;0.3110;-3.2598;4.4449
2057;-2.5008;-10.0798;0.0000;0.2612;-3.2259;4.2791
2058;-2.2749;-10.0824;0.0000;0.2684;-3.2463;4.5446
2059;-2.0733;-10.0732;0.0000;0.3326;-3.3242;4.6509
2060;2.4879;-10.1098;0.0000;0.4715;-3.3100;3.9991
2061;2.6843;-10.0856;0.0000;0.3347;-3.3469;4.6413
2062;2.9029;-10.0846;0.0000;0.2353;-3.3209;4.9296
2063;3.1342;-10.0848;0.0000;0.1846;-3.3421;5.5070
2064;3.3720;-10.0847;0.0000;0.2110;-3.3754;6.3346
2065;3.6129;-10.0847;0.0000;0.1796;-3.3836;7.2126
2066;3.8541;-10.0853;0.0000;0.1230;-3.3525;6.6715
2067;4.0953;-10.0870;0.0000;0.2539;-3.3316;6.4116
2068;4.3396;-10.0862;0.0000;0.4024;-3.3530;6.4287
2069;-4.2281;-10.2723;0.0000;0.5742;-3.3436;4.6619
2070;-4.0340;-10.2773;0.0000;0.4221;-3.3219;4.7437
2071;-3.8117;-10.2789;0.0000;0.3039;-3.3381;4.8408
2072;-3.5785;-10.2794;0.0000;0.1889;-3.2809;4.3110
2073;-3.3397;-10.2796;0.0000;0.2086;-3.1469;4.1982
2074;-3.0984;-10.2801;0.0000;0.2345;-3.0708;4.2699
2075;-2.8565;-10.2808;0.0000;0.2614;-3.1104;4.4707
2076;-2.6153;-10.2823;0.0000;0.3065;-3.1507;4.8001
2077;-2.3748;-10.2839;0.0000;0.2996;-3.1131;4.6732
2078;-2.1276;-10.2858;0.0000;0.2811;-3.0509;4.4764
2079;2.5658;-10.2897;0.0000;0.4798;-3.1758;3.9899
2080;2.7883;-10.2894;0.0000;0.2797;-3.2604;4.8976
2081;3.0167;-10.2892;0.0000;0.2081;-3.3041;5.4676
2082;3.2519;-10.2887;0.0000;0.1710;-3.3320;6.3075
2083;3.4915;-10.2884;0.0000;0.2014;-3.3634;6.7537
2084;3.7326;-10.2887;0.0000;0.1515;-3.3759;6.8661
2085;3.9722;-10.2899;0.0000;0.1438;-3.3812;6.2467
2086;4.2064;-10.2922;0.0000;0.2750;-3.3826;6.8115
2087;4.4199;-10.2798;0.0000;0.4373;-3.3608;6.9676
2088;-4.1661;-10.4850;0.0000;0.4870;-3.3556;4.4392
2089;-3.9322;-10.4820;0.0000;0.3703;-3.3378;4.6142
2090;-3.6979;-10.4827;0.0000;0.2197;-3.2751;4.5490
2091;-3.4604;-10.4835;0.0000;0.1979;-3.1670;4.4799
2092;-3.2197;-10.4841;0.0000;0.2629;-3.0852;4.2721
2093;-2.9778;-10.4847;0.0000;0.2326;-3.0404;4.1969
2094;-2.7370;-10.4853;0.0000;0.2512;-3.0223;4.2248
2095;-2.4999;-10.4861;0.0000;0.2906;-3.0587;4.3937
2096;-2.2716;-10.4863;0.0000;0.3241;-3.0535;4.0280
2097;-2.0645;-10.5050;0.0000;0.2776;-3.0132;4.0906
2098;2.4895;-10.4699;0.0000;0.5285;-3.0816;3.8119
2099;2.6853;-10.4933;0.0000;0.3969;-3.1853;4.4948
2100;2.9029;-10.4941;0.0000;0.2412;-3.2636;5.1479
2101;3.1336;-10.4931;0.0000;0.1997;-3.3004;5.7305
2102;3.3711;-10.4923;0.0000;0.1695;-3.3348;6.7839
2103;3.6121;-10.4919;0.0000;0.1742;-3.3789;6.7419
2104;3.8551;-10.4923;0.0000;0.1686;-3.4064;6.6343
2105;4.1016;-10.4930;0.0000;0.2135;-3.4103;6.9978
2106;4.3601;-10.4935;0.0000;0.3260;-3.4025;7.5004
2107;-4.2188;-10.6980;0.0000;0.4617;-3.4181;4.6553
2108;-4.0275;-10.6864;0.0000;0.3486;-3.4297;4.6920
2109;-3.8093;-10.6858;0.0000;0.2898;-3.3670;4.4619
2110;-3.5780;-10.6868;0.0000;0.2064;-3.2808;4.1461
2111;-3.3400;-10.6877;0.0000;0.2296;-3.2014;4.0477
2112;-3.0990;-10.6884;0.0000;0.2547;-3.1313;4.1772
2113;-2.8573;-10.6892;0.0000;0.2202;-3.0430;4.5105
2114;-2.6171;-10.6903;0.0000;0.2450;-3.0057;4.5267
2115;-2.3801;-10.6908;0.0000;0.3227;-3.0771;4.3132
2116;-2.1444;-10.6927;0.0000;0.3231;-3.1422;3.5709
2117;2.5450;-10.6866;0.0000;0.5159;-3.1217;3.4598
2118;2.7792;-10.6977;0.0000;0.2773;-3.1483;4.3810
2119;3.0125;-10.6976;0.0000;0.2159;-3.2287;5.0639
2120;3.2498;-10.6965;0.0000;0.2191;-3.2790;6.2550
2121;3.4902;-10.6957;0.0000;0.2166;-3.2921;5.9899
2122;3.7319;-10.6954;0.0000;0.2101;-3.3071;5.9913
2123;3.9730;-10.6954;0.0000;0.2051;-3.3174;6.5026
2124;4.2097;-10.6945;0.0000;0.2160;-3.3360;7.6601
2125;4.4283;-10.7115;0.0000;0.2928;-3.3366;7.6798
2126;-4.1492;-10.8939;0.0000;0.3608;-3.3677;4.9401
2127;-3.9249;-10.8900;0.0000;0.3145;-3.3219;4.6177
2128;-3.6955;-10.8904;0.0000;0.2363;-3.2445;4.2367
2129;-3.4598;-10.8913;0.0000;0.1966;-3.2207;3.8880
2130;-3.2200;-10.8921;0.0000;0.2582;-3.1802;3.9331
2131;-2.9783;-10.8930;0.0000;0.2499;-3.1029;4.4475
2132;-2.7373;-10.8940;0.0000;0.2412;-3.0644;4.2730
2133;-2.4997;-10.8946;0.0000;0.2903;-3.0851;4.5433
2134;-2.2687;-10.8929;0.0000;0.3086;-3.1317;4.4322
2135;-2.0459;-10.8805;0.0000;0.3102;-3.1362;3.9584
2136;2.4827;-10.8980;0.0000;0.6099;-3.1866;3.6684
2137;2.6756;-10.8997;0.0000;0.4075;-3.1772;3.7275
2138;2.8973;-10.9014;0.0000;0.2108;-3.1911;4.6330
2139;3.1305;-10.9006;0.0000;0.2579;-3.2067;5.1325
2140;3.3692;-10.8998;0.0000;0.2279;-3.1976;5.4926
2141;3.6107;-10.8993;0.0000;0.1972;-3.1973;5.9077
2142;3.8533;-10.8994;0.0000;0.1964;-3.2489;6.1960
2143;4.0967;-10.9000;0.0000;0.2102;-3.3154;6.9751
2144;4.3421;-10.9009;0.0000;0.2587;-3.3415;7.0844
2145;-4.2355;-11.0929;0.0000;0.3479;-3.3335;4.3591
2146;-4.0289;-11.0923;0.0000;0.2789;-3.2508;4.0175
2147;-3.8087;-11.0942;0.0000;0.2635;-3.1928;4.0700
2148;-3.5779;-11.0950;0.0000;0.1883;-3.2032;4.4409
2149;-3.3404;-11.0956;0.0000;0.2534;-3.2428;4.4011
2150;-3.0993;-11.0966;0.0000;0.2607;-3.2182;4.0669
2151;-2.8577;-11.0976;0.0000;0.2520;-3.1572;4.2358
2152;-2.6171;-11.0987;0.0000;0.2896;-3.1423;4.6072
2153;-2.3791;-11.0977;0.0000;0.2772;-3.1491;4.7682
2154;-2.1415;-11.0858;0.0000;0.2793;-3.1302;4.6159
2155;2.5420;-11.1063;0.0000;0.5949;-3.2897;3.7857
2156;2.7763;-11.1042;0.0000;0.3249;-3.2666;4.2962
2157;3.0105;-11.1044;0.0000;0.2404;-3.1895;5.1142
2158;3.2485;-11.1040;0.0000;0.2437;-3.1904;5.3517
2159;3.4891;-11.1035;0.0000;0.1925;-3.2101;6.0744
2160;3.7312;-11.1033;0.0000;0.1808;-3.2553;6.8556
2161;3.9738;-11.1036;0.0000;0.2105;-3.3550;6.9182
2162;4.2143;-11.1053;0.0000;0.2078;-3.4279;7.1317
2163;4.4448;-11.0910;0.0000;0.2565;-3.4355;6.9913
2164;-4.1464;-11.2897;0.0000;0.2870;-3.3112;4.2248
2165;-3.9239;-11.2970;0.0000;0.2791;-3.2763;4.1584
2166;-3.6953;-11.2989;0.0000;0.2325;-3.2897;4.6474
2167;-3.4600;-11.2993;0.0000;0.2398;-3.3207;5.1470
2168;-3.2202;-11.2999;0.0000;0.2716;-3.3565;4.9873
2169;-2.9788;-11.3010;0.0000;0.2530;-3.3256;4.1815
2170;-2.7376;-11.3024;0.0000;0.2681;-3.2702;4.3828
2171;-2.4998;-11.3030;0.0000;0.2630;-3.2373;4.7690
2172;-2.2709;-11.2988;0.0000;0.2159;-3.2008;4.6614
2173;-2.0653;-11.2743;0.0000;0.2833;-3.1936;4.4038
2174;2.4886;-11.3166;0.0000;0.5313;-3.4035;3.9121
2175;2.6803;-11.3081;0.0000;0.4146;-3.3781;3.9974
2176;2.8987;-11.3079;0.0000;0.2601;-3.3023;4.8049
2177;3.1302;-11.3079;0.0000;0.2383;-3.2897;5.3591
2178;3.3684;-11.3073;0.0000;0.2435;-3.3158;5.8416
2179;3.6100;-11.3070;0.0000;0.1949;-3.3672;6.3508
2180;3.8536;-11.3069;0.0000;0.2132;-3.4459;6.7730
2181;4.1001;-11.3073;0.0000;0.2345;-3.5030;7.1842
2182;4.3535;-11.3084;0.0000;0.2107;-3.5304;6.9151
2183;-4.2142;-11.4848;0.0000;0.3182;-3.4072;4.2038
2184;-4.0250;-11.4987;0.0000;0.2428;-3.4245;4.2826
2185;-3.8084;-11.5024;0.0000;0.2636;-3.4127;4.2813
2186;-3.5781;-11.5030;0.0000;0.2292;-3.3740;4.7021
2187;-3.3406;-11.5031;0.0000;0.2592;-3.3579;4.5591
2188;-3.0995;-11.5038;0.0000;0.2861;-3.3194;4.6920
2189;-2.8571;-11.5053;0.0000;0.2361;-3.2731;4.3180
2190;-2.6150;-11.5066;0.0000;0.2135;-3.2489;4.3622
2191;-2.3721;-11.5060;0.0000;0.2221;-3.2032;4.6549
2192;-2.1236;-11.4938;0.0000;0.2367;-3.1830;4.6325
2193;2.5585;-11.5134;0.0000;0.4422;-3.3353;3.8303
2194;2.7829;-11.5117;0.0000;0.3181;-3.3411;4.0472
2195;3.0121;-11.5117;0.0000;0.2331;-3.3599;5.0162
2196;3.2480;-11.5112;0.0000;0.2564;-3.3718;5.6990
2197;3.4883;-11.5108;0.0000;0.2556;-3.4006;6.1973
2198;3.7306;-11.5102;0.0000;0.2006;-3.4403;6.6409
2199;3.9738;-11.5099;0.0000;0.2467;-3.4500;6.8154
2200;4.2160;-11.5104;0.0000;0.2713;-3.4673;6.8080
2201;4.4479;-11.5277;0.0000;0.2618;-3.5194;7.4668
2202;-4.1589;-11.6972;0.0000;0.2867;-3.3808;4.2822
2203;-3.9296;-11.7046;0.0000;0.2905;-3.4333;4.4786
2204;-3.6977;-11.7067;0.0000;0.2522;-3.4280;4.5337
2205;-3.4609;-11.7068;0.0000;0.1943;-3.3673;4.1640
2206;-3.2206;-11.7072;0.0000;0.2433;-3.3189;4.1597
2207;-2.9785;-11.7084;0.0000;0.2562;-3.2952;4.4939
2208;-2.7366;-11.7098;0.0000;0.1457;-3.2391;4.2362
2209;-2.4965;-11.7102;0.0000;0.2200;-3.2004;4.2717
2210;-2.2623;-11.7086;0.0000;0.2482;-3.1821;4.6960
2211;-2.0547;-11.7053;0.0000;0.2414;-3.1562;4.7117
2212;2.4720;-11.7083;0.0000;0.4238;-3.0374;4.0302
2213;2.6786;-11.7134;0.0000;0.3618;-3.0875;4.1365
2214;2.8984;-11.7155;0.0000;0.2705;-3.1370;4.6264
2215;3.1295;-11.7151;0.0000;0.2473;-3.2001;5.4169
2216;3.3674;-11.7145;0.0000;0.2844;-3.3026;6.0153
2217;3.6091;-11.7141;0.0000;0.2505;-3.3345;6.4549
2218;3.8525;-11.7140;0.0000;0.2287;-3.2749;7.1684
2219;4.0976;-11.7146;0.0000;0.2764;-3.2516;7.3561
2220;4.3465;-11.7169;0.0000;0.3128;-3.3068;7.2288
2221;-4.2183;-11.9018;0.0000;0.3224;-3.3597;4.5849
2222;-4.0295;-11.9082;0.0000;0.2967;-3.3920;4.6387
2223;-3.8119;-11.9107;0.0000;0.2534;-3.4724;4.5984
2224;-3.5801;-11.9105;0.0000;0.1302;-3.4445;4.2690
2225;-3.3419;-11.9102;0.0000;0.1316;-3.3421;4.1413
2226;-3.1003;-11.9107;0.0000;0.2596;-3.3290;4.3981
2227;-2.8571;-11.9120;0.0000;0.2411;-3.3209;4.4549
2228;-2.6139;-11.9135;0.0000;0.1799;-3.2634;4.6229
2229;-2.3689;-11.9134;0.0000;0.2272;-3.2336;4.4834
2230;-2.1159;-11.9167;0.0000;0.2515;-3.2513;4.6181
2231;2.5603;-11.9100;0.0000;0.4169;-3.0377;4.0647
2232;2.7820;-11.9192;0.0000;0.3168;-3.1287;4.4615
2233;3.0112;-11.9197;0.0000;0.2972;-3.1758;4.8360
2234;3.2472;-11.9189;0.0000;0.2253;-3.2036;5.1859
2235;3.4873;-11.9182;0.0000;0.2628;-3.2167;5.6225
2236;3.7297;-11.9185;0.0000;0.2756;-3.2398;6.5066
2237;3.9723;-11.9198;0.0000;0.2697;-3.2605;7.2865
2238;4.2112;-11.9227;0.0000;0.2813;-3.2717;7.4335
2239;4.4338;-11.9089;0.0000;0.3129;-3.2619;7.2318
2240;-4.1657;-12.1141;0.0000;0.2734;-3.3841;4.7187
2241;-3.9394;-12.1165;0.0000;0.2406;-3.4425;4.5175
2242;-3.7044;-12.1138;0.0000;0.1706;-3.4436;4.5879
2243;-3.4644;-12.1121;0.0000;0.1088;-3.3728;4.4073
2244;-3.2225;-12.1119;0.0000;0.1187;-3.3237;4.2301
2245;-2.9800;-12.1128;0.0000;0.2408;-3.3681;4.5232
2246;-2.7371;-12.1142;0.0000;0.2797;-3.4284;4.4304
2247;-2.4963;-12.1161;0.0000;0.2184;-3.3941;4.5101
2248;-2.2646;-12.1177;0.0000;0.2143;-3.3145;4.8346
2249;-2.0523;-12.1317;0.0000;0.2512;-3.2438;4.6824
2250;2.4892;-12.1062;0.0000;0.4603;-3.3140;3.6150
2251;2.6734;-12.1223;0.0000;0.3964;-3.1216;4.0284
2252;2.8927;-12.1232;0.0000;0.2531;-3.0423;4.7362
2253;3.1260;-12.1224;0.0000;0.2728;-3.1929;5.0980
2254;3.3649;-12.1224;0.0000;0.2111;-3.2466;5.1732
2255;3.6074;-12.1226;0.0000;0.2212;-3.1983;5.8399
2256;3.8526;-12.1235;0.0000;0.2917;-3.2400;6.9348
2257;4.1026;-12.1255;0.0000;0.2911;-3.3651;6.8788
2258;4.3658;-12.1247;0.0000;0.2898;-3.3607;6.9243
2259;-4.0920;-12.3132;0.0000;0.2035;-3.3505;4.3968
2260;-3.8396;-12.3142;0.0000;0.1757;-3.3657;4.3976
2261;-3.5908;-12.3090;0.0000;0.1558;-3.3776;4.3714
2262;-3.3457;-12.3085;0.0000;0.1334;-3.3645;4.2056
2263;-3.1020;-12.3089;0.0000;0.1306;-3.3867;4.0980
2264;-2.8582;-12.3100;0.0000;0.2575;-3.4408;4.1785
2265;-2.6143;-12.3124;0.0000;0.2651;-3.4214;4.4055
2266;-2.3700;-12.3199;0.0000;0.1925;-3.3318;4.7135
2267;-2.1285;-12.3257;0.0000;0.2466;-3.2329;4.4055
2268;-4.1941;-12.5120;0.0000;0.2095;-3.2108;4.0070
2269;-3.9699;-12.5139;0.0000;0.1848;-3.1880;4.3202
2270;-3.7177;-12.4965;0.0000;0.1154;-3.2548;4.4764
2271;-3.4696;-12.4952;0.0000;0.1511;-3.3439;4.0976
2272;-3.2243;-12.4962;0.0000;0.1531;-3.3479;4.0897
2273;-2.9804;-12.4973;0.0000;0.1432;-3.3505;4.2489
2274;-2.7363;-12.4992;0.0000;0.2609;-3.3641;4.3307
2275;-2.4909;-12.5040;0.0000;0.2332;-3.2999;4.5888
2276;-2.2451;-12.5269;0.0000;0.2254;-3.2204;4.7537
2277;-2.0296;-12.5261;0.0000;0.2910;-3.2219;4.4383
2278;-4.1152;-12.7387;0.0000;0.2096;-3.0094;4.0459
2279;-3.8466;-12.6714;0.0000;0.1353;-3.0357;3.7944
2280;-3.5934;-12.6674;0.0000;0.0869;-3.1202;3.6964
2281;-3.3467;-12.6696;0.0000;0.2458;-3.1633;4.0297
2282;-3.1016;-12.6716;0.0000;0.1501;-3.1732;4.4501
2283;-2.8579;-12.6732;0.0000;0.1569;-3.2441;4.4409
2284;-2.6129;-12.6754;0.0000;0.2745;-3.2759;4.5656
2285;-2.3627;-12.6849;0.0000;0.2250;-3.2216;4.7472
2286;-2.1021;-12.7589;0.0000;0.2459;-3.2208;4.9681
2287;-3.9407;-12.8347;0.0000;0.1721;-2.9047;3.9729
2288;-3.7076;-12.8261;0.0000;0.0535;-2.9390;3.9042
2289;-3.4665;-12.8291;0.0000;0.1858;-2.9616;4.1085
2290;-3.2229;-12.8323;0.0000;0.2273;-2.9801;4.1763
2291;-2.9797;-12.8348;0.0000;0.0981;-3.0151;4.4646
2292;-2.7373;-12.8370;0.0000;0.2241;-3.0451;4.3661
2293;-2.4978;-12.8402;0.0000;0.2760;-3.0906;4.3644
2294;-2.2689;-12.8566;0.0000;0.2389;-3.1819;4.6330
